bbox, -1199.9489, 1960.0000, -1838.0000, 2400.0000, 1200.0000, 1550.0000
cut, 0.0, 1.9600, 0.2130, 0.000000, 0.707107, -0.707107, 0.000000
cut, 0.0, 1.9600, 0.0, 0.000000, 0.707107, -0.707107, 0.000000
cut, 0.0, 1.9600, -0.2130, 0.000000, 0.707107, -0.707107, 0.000000
p2p,
cut, -1.1999, 2.5600, 0.2130, 0.000000, 0.000000, 1.000000, 0.000000
cut, -1.1999, 2.5600, 0.0, 0.000000, 0.000000, 1.000000, 0.000000
cut, -1.1999, 2.5600, -0.2130, 0.000000, 0.000000, 1.000000, 0.000000
p2p,
cut, -0.5, 2.0, 0.2130, 0.000000, 0.350, -0.350, 0.000000
cut, -0.5, 2.0, 0.0, 0.000000, 0.350, -0.350, 0.000000
cut, -0.5, 2.0, -0.2130, 0.000000, 0.350, -0.350, 0.000000
p2p,
cut, 0.0, 3.5600, 0.2130, 0.000000, 0.707107, -0.707107, 0.000000
cut, 0.0, 3.5600, 0.0, 0.000000, 0.707107, -0.707107, 0.000000
cut, 0.0, 3.5600, -0.2130, 0.000000, 0.707107, -0.707107, 0.000000
