cut, 0.0001, 1.9600, -0.2130, 0.000000, 0.707107, -0.707107, 0.000000
cut, 0.0001, 1.9600, -0.2780, 0.000000, 0.707107, -0.707107, 0.000000
cut, 0.0001, 1.9600, -0.2130, 0.000000, 0.707107, -0.707107, 0.000000
p2p,
cut, -1.1999, 2.5600, -0.2130, 0.000000, 0.000000, 1.000000, 0.000000
cut, -1.1999, 2.5600, -0.2780, 0.000000, 0.000000, 1.000000, 0.000000
cut, -1.1999, 2.5600, -0.2130, 0.000000, 0.000000, 1.000000, 0.000000
p2p,
cut, 0.0001, 2.0085, -0.1980, 0.000000, -0.707107, 0.707107, 0.000000
cut, 0.0001, 2.0085, -1.7043, 0.000000, -0.707107, 0.707107, 0.000000
cut, 0.0001, 1.9485, -1.7043, 0.000000, -0.707107, 0.707107, 0.000000
cut, 0.0001, 1.9485, -0.2580, 0.000000, -0.707107, 0.707107, 0.000000
cut, 0.0001, 3.1115, -0.2580, 0.000000, -0.707107, 0.707107, 0.000000
cut, 0.0001, 3.1115, -1.4246, 0.000000, -0.707107, 0.707107, 0.000000
cut, 0.0001, 3.1715, -1.4246, 0.000000, -0.707107, 0.707107, 0.000000
cut, 0.0001, 3.1715, -0.2280, 0.000000, -0.707107, 0.707107, 0.000000
p2p,
cut, 1.2695, 2.5600, -0.1880, 0.000000, 0.000000, 1.000000, 0.000000
cut, 1.2695, 2.5600, -0.3265, 0.000000, 0.000000, 1.000000, 0.000000
cut, -1.0185, 2.5600, -0.3265, 0.000000, 0.000000, 1.000000, 0.000000
cut, -1.0194, 2.5600, -0.3265, 0.000000, 0.000000, 1.000000, 0.000000
cut, -1.0194, 2.5600, -0.2280, 0.000000, 0.000000, 1.000000, 0.000000
p2p,
cut, -0.6950, 2.5600, -0.1851, -0.007139, 0.099306, 0.992470, -0.071353
cut, -0.6976, 2.5600, -0.1894, -0.007113, 0.099433, 0.992470, -0.071177
cut, -0.7002, 2.5600, -0.1937, -0.007086, 0.099560, 0.992470, -0.071001
cut, -0.7028, 2.5600, -0.1979, -0.007059, 0.099687, 0.992470, -0.070825
cut, -0.7055, 2.5600, -0.2022, -0.007033, 0.099814, 0.992470, -0.070649
cut, -0.7081, 2.5600, -0.2064, -0.007006, 0.099941, 0.992470, -0.070473
