bbox, 209.2779, 7424.8696, -3101.8853, 1737.4181, 725.7474, 1045.6676
cut, 1.0037, 2.6076, -0.4048, 0.016557, -0.613219, 0.789452, -0.021316
cut, 1.0037, 2.6009, -0.4288, 0.043861, -0.611872, 0.787718, -0.056467
cut, 1.0037, 2.5942, -0.4529, 0.070400, -0.609389, 0.784522, -0.090632
cut, 1.0037, 2.5875, -0.4770, 0.095778, -0.605919, 0.780054, -0.123304
cut, 1.0037, 2.5808, -0.5011, 0.119702, -0.601650, 0.774558, -0.154103
cut, 1.0037, 2.5741, -0.5252, 0.141984, -0.596785, 0.768295, -0.182789
cut, 1.0037, 2.5674, -0.5493, 0.162538, -0.591518, 0.761514, -0.209250
cut, 1.0037, 2.5607, -0.5734, 0.181360, -0.586021, 0.754437, -0.233481
cut, 1.0037, 2.5540, -0.5974, 0.198506, -0.580437, 0.747249, -0.255554
cut, 1.0037, 2.5473, -0.6215, 0.214071, -0.574878, 0.740092, -0.275593
cut, 1.0037, 2.5406, -0.6456, 0.228175, -0.569427, 0.733075, -0.293750
cut, 1.0037, 2.5339, -0.6697, 0.240946, -0.564143, 0.726271, -0.310191
cut, 1.0037, 2.5272, -0.6938, 0.252511, -0.559062, 0.719730, -0.325080
cut, 1.0037, 2.5205, -0.7179, 0.262994, -0.554207, 0.713481, -0.338576
cut, 0.9891, 2.3277, -0.7219, 0.262512, -0.554436, 0.713775, -0.337955
cut, 0.9649, 2.3215, -0.7219, 0.258817, -0.556170, 0.716008, -0.333199
cut, 0.9407, 2.3153, -0.7218, 0.254990, -0.557935, 0.718280, -0.328271
cut, 0.9165, 2.3092, -0.7218, 0.251025, -0.559730, 0.720591, -0.323167
cut, 0.8922, 2.3030, -0.7218, 0.246916, -0.561555, 0.722940, -0.317876
cut, 0.8680, 2.2968, -0.7217, 0.242657, -0.563409, 0.725326, -0.312394
cut, 0.8438, 2.2906, -0.7217, 0.238243, -0.565289, 0.727748, -0.306711
cut, 0.8196, 2.2844, -0.7217, 0.233667, -0.567196, 0.730202, -0.300820
cut, 0.7954, 2.2782, -0.7216, 0.228924, -0.569127, 0.732688, -0.294714
cut, 0.7711, 2.2720, -0.7216, 0.224006, -0.571080, 0.735203, -0.288383
cut, 0.7469, 2.2659, -0.7216, 0.218909, -0.573054, 0.737743, -0.281821
cut, 0.7227, 2.2597, -0.7215, 0.213626, -0.575044, 0.740306, -0.275020
cut, 0.6985, 2.2535, -0.7215, 0.208151, -0.577048, 0.742886, -0.267971
cut, 0.6742, 2.2473, -0.7214, 0.202477, -0.579063, 0.745480, -0.260667
cut, 0.6500, 2.2411, -0.7214, 0.196600, -0.581085, 0.748083, -0.253101
cut, 0.6258, 2.2349, -0.7214, 0.190515, -0.583109, 0.750688, -0.245267
cut, 0.6016, 2.2288, -0.7213, 0.184215, -0.585129, 0.753290, -0.237157
cut, 0.5773, 2.2226, -0.7213, 0.177697, -0.587142, 0.755880, -0.228765
cut, 0.5531, 2.2164, -0.7213, 0.170957, -0.589139, 0.758452, -0.220089
cut, 0.5289, 2.2102, -0.7212, 0.163992, -0.591116, 0.760997, -0.211122
cut, 0.5047, 2.2040, -0.7212, 0.156800, -0.593064, 0.763505, -0.201863
cut, 0.4805, 2.1978, -0.7212, 0.149379, -0.594977, 0.765967, -0.192309
cut, 0.4562, 2.1916, -0.7211, 0.141730, -0.596845, 0.768372, -0.182462
cut, 0.4320, 2.1855, -0.7211, 0.133854, -0.598661, 0.770710, -0.172322
cut, 0.4078, 2.1793, -0.7210, 0.125754, -0.600415, 0.772968, -0.161894
cut, 0.3836, 2.1731, -0.7210, 0.117433, -0.602097, 0.775134, -0.151182
cut, 0.3593, 2.1669, -0.7210, 0.108898, -0.603699, 0.777196, -0.140194
cut, 0.3351, 2.1607, -0.7209, 0.100156, -0.605211, 0.779142, -0.128940
cut, 0.3109, 2.1545, -0.7209, 0.091217, -0.606623, 0.780960, -0.117432
cut, 0.2867, 2.1484, -0.7209, 0.082093, -0.607925, 0.782636, -0.105686
cut, 0.2624, 2.1422, -0.7208, 0.072796, -0.609108, 0.784159, -0.093717
cut, 0.2382, 2.1360, -0.7208, 0.063343, -0.610163, 0.785518, -0.081547
cut, 0.2140, 2.1298, -0.7208, 0.053749, -0.611083, 0.786702, -0.069195
cut, 0.1898, 2.1236, -0.7207, 0.044033, -0.611860, 0.787702, -0.056688
cut, 0.1656, 2.1174, -0.7207, 0.034216, -0.612487, 0.788510, -0.044049
cut, 0.1413, 2.1113, -0.7207, 0.024319, -0.612960, 0.789119, -0.031308
cut, 0.1171, 2.1051, -0.7206, 0.014365, -0.613274, 0.789523, -0.018493
cut, 0.0929, 2.0989, -0.7206, 0.004376, -0.613427, 0.789719, -0.005634
cut, 0.0687, 2.0927, -0.7205, -0.005623, -0.613417, 0.789706, 0.007239
cut, 0.0444, 2.0865, -0.7205, -0.015608, -0.613244, 0.789484, 0.020094
cut, 0.0202, 2.0803, -0.7205, -0.025557, -0.612910, 0.789054, 0.032901
cut, -0.0040, 2.0741, -0.7204, -0.035445, -0.612418, 0.788420, 0.045631
cut, -0.0282, 2.0680, -0.7204, -0.045250, -0.611771, 0.787588, 0.058255
cut, -0.0525, 2.0618, -0.7204, -0.054952, -0.610976, 0.786564, 0.070744
cut, -0.0767, 2.0556, -0.7203, -0.064529, -0.610039, 0.785358, 0.083074
cut, -0.1009, 2.0494, -0.7203, -0.073964, -0.608967, 0.783978, 0.095221
cut, -0.1251, 2.0432, -0.7203, -0.083240, -0.607769, 0.782435, 0.107163
cut, -0.1493, 2.0370, -0.7202, -0.092342, -0.606452, 0.780741, 0.118880
cut, -0.1736, 2.0309, -0.7202, -0.101257, -0.605028, 0.778907, 0.130357
cut, -0.1978, 2.0247, -0.7201, -0.109973, -0.603504, 0.776945, 0.141578
cut, -0.2220, 2.0185, -0.7201, -0.118482, -0.601892, 0.774869, 0.152532
cut, -0.2462, 2.0123, -0.7201, -0.126776, -0.600200, 0.772691, 0.163210
cut, -0.2705, 2.0061, -0.7200, -0.134848, -0.598438, 0.770422, 0.173602
cut, -0.2947, 1.9999, -0.7200, -0.142696, -0.596615, 0.768076, 0.183706
cut, -0.3189, 1.9937, -0.7200, -0.150317, -0.594741, 0.765663, 0.193517
cut, -0.3431, 1.9876, -0.7199, -0.157709, -0.592823, 0.763195, 0.203033
cut, -0.3674, 1.9814, -0.7199, -0.164873, -0.590871, 0.760681, 0.212256
cut, -0.3916, 1.9752, -0.7199, -0.171810, -0.588891, 0.758133, 0.221186
cut, -0.4158, 1.9690, -0.7198, -0.178522, -0.586891, 0.755558, 0.229827
cut, -0.4400, 1.9628, -0.7198, -0.185012, -0.584878, 0.752966, 0.238183
cut, -0.4642, 1.9566, -0.7198, -0.191285, -0.582856, 0.750363, 0.246258
cut, -0.4885, 1.9505, -0.7197, -0.197344, -0.580833, 0.747758, 0.254059
cut, -0.5127, 1.9443, -0.7197, -0.203196, -0.578812, 0.745156, 0.261592
cut, -0.5369, 1.9381, -0.7196, -0.208844, -0.576798, 0.742564, 0.268864
cut, -0.5611, 1.9319, -0.7196, -0.214295, -0.574795, 0.739985, 0.275881
cut, -0.5854, 1.9257, -0.7196, -0.219555, -0.572807, 0.737425, 0.282652
cut, -0.6096, 1.9195, -0.7195, -0.224629, -0.570836, 0.734888, 0.289185
cut, -0.6338, 1.9133, -0.7195, -0.229524, -0.568885, 0.732377, 0.295487
cut, -0.6580, 1.9072, -0.7195, -0.234246, -0.566957, 0.729895, 0.301566
cut, -0.6823, 1.9010, -0.7194, -0.238802, -0.565053, 0.727444, 0.307431
cut, -0.7065, 1.8948, -0.7194, -0.243196, -0.563176, 0.725027, 0.313088
cut, -0.7307, 1.8886, -0.7194, -0.247436, -0.561326, 0.722646, 0.318546
cut, -0.7549, 1.8824, -0.7193, -0.251527, -0.559505, 0.720301, 0.323813
cut, -0.7791, 1.8762, -0.7193, -0.255475, -0.557713, 0.717995, 0.328895
cut, -0.8034, 1.8701, -0.7192, -0.259285, -0.555952, 0.715727, 0.333801
cut, -0.8276, 1.8639, -0.7192, -0.262963, -0.554222, 0.713500, 0.338536
cut, -0.8413, 1.6569, -0.7144, -0.262348, -0.554513, 0.713875, 0.337744
cut, -0.8413, 1.6489, -0.6907, -0.248072, -0.561045, 0.722284, 0.319365
cut, -0.8413, 1.6410, -0.6670, -0.231794, -0.567964, 0.731191, 0.298409
cut, -0.8413, 1.6331, -0.6433, -0.213215, -0.575196, 0.740502, 0.274491
cut, -0.8413, 1.6252, -0.6196, -0.192035, -0.582610, 0.750046, 0.247224
cut, -0.8413, 1.6173, -0.5959, -0.167987, -0.589993, 0.759551, 0.216265
cut, -0.8413, 1.6093, -0.5722, -0.140895, -0.597043, 0.768627, 0.181386
cut, -0.8413, 1.6014, -0.5485, -0.110754, -0.603361, 0.776761, 0.142584
cut, -0.8413, 1.5935, -0.5248, -0.077822, -0.608486, 0.783359, 0.100187
cut, -0.8413, 1.5856, -0.5010, -0.042677, -0.611956, 0.787826, 0.054942
cut, -0.8413, 1.5776, -0.4773, -0.006218, -0.613411, 0.789699, 0.008005
