bbox, -1199.9489, 1960.0000, -1838.0000, 2400.0000, 1200.0000, 1550.0000
cut, 0.0001, 1.9600, -0.2130, 0.000000, 0.707107, 0.707107, 0.000000
cut, 0.0001, 1.9600, -0.2780, 0.000000, 0.707107, 0.707107, 0.000000
cut, 0.0001, 1.9600, -0.2130, 0.000000, 0.707107, 0.707107, 0.000000
p2p,
cut, -1.1999, 2.5600, -0.2130, 0.000000, 1.000000, 0.000000, 0.000000
cut, -1.1999, 2.5600, -0.2780, 0.000000, 1.000000, 0.000000, 0.000000
cut, -1.1999, 2.5600, -0.2130, 0.000000, 1.000000, 0.000000, 0.000000
p2p,
cut, 0.0001, 2.0085, -0.1980, 0.000000, -0.707107, 0.707107, 0.000000
cut, 0.0001, 2.0085, -1.7043, 0.000000, -0.707107, 0.707107, 0.000000
cut, 0.0001, 1.9485, -1.7043, 0.000000, -0.707107, 0.707107, 0.000000
cut, 0.0001, 1.9485, -0.2580, 0.000000, -0.707107, 0.707107, 0.000000
cut, 0.0001, 3.1115, -0.2580, 0.000000, -0.707107, 0.707107, 0.000000
cut, 0.0001, 3.1115, -1.4246, 0.000000, -0.707107, 0.707107, 0.000000
cut, 0.0001, 3.1715, -1.4246, 0.000000, -0.707107, 0.707107, 0.000000
cut, 0.0001, 3.1715, -0.2280, 0.000000, -0.707107, 0.707107, 0.000000
p2p,
cut, 1.2695, 2.5600, -0.1880, 0.000000, 1.000000, 0.000000, 0.000000
cut, 1.2695, 2.5600, -0.3265, 0.000000, 1.000000, 0.000000, 0.000000
cut, -1.0194, 2.5600, -0.3265, 0.000000, 1.000000, 0.000000, 0.000000
cut, -1.0194, 2.5600, -0.2280, 0.000000, 1.000000, 0.000000, 0.000000
p2p,
cut, -0.6950, 2.5600, -0.1851, 0.071353, 0.992470, -0.099306, -0.007139
cut, -0.6976, 2.5600, -0.1894, 0.071177, 0.992470, -0.099433, -0.007113
cut, -0.7002, 2.5600, -0.1937, 0.071001, 0.992470, -0.099560, -0.007086
cut, -0.7028, 2.5600, -0.1979, 0.070825, 0.992470, -0.099687, -0.007059
cut, -0.7055, 2.5600, -0.2022, 0.070649, 0.992470, -0.099814, -0.007033
cut, -0.7081, 2.5600, -0.2064, 0.070473, 0.992470, -0.099941, -0.007006
cut, -0.7107, 2.5600, -0.2107, 0.070297, 0.992470, -0.100068, -0.006979
cut, -0.7133, 2.5600, -0.2149, 0.070121, 0.992470, -0.100195, -0.006952
cut, -0.7160, 2.5600, -0.2192, 0.069945, 0.992469, -0.100322, -0.006926
cut, -0.7186, 2.5600, -0.2234, 0.069769, 0.992469, -0.100449, -0.006899
cut, -0.7212, 2.5600, -0.2277, 0.069593, 0.992469, -0.100576, -0.006872
cut, -0.7239, 2.5600, -0.2319, 0.069417, 0.992468, -0.100703, -0.006846
cut, -0.7265, 2.5600, -0.2362, 0.069241, 0.992468, -0.100830, -0.006819
cut, -0.7291, 2.5600, -0.2405, 0.069065, 0.992467, -0.100957, -0.006792
cut, -0.7317, 2.5600, -0.2447, 0.068889, 0.992467, -0.101084, -0.006765
cut, -0.7344, 2.5600, -0.2490, 0.068713, 0.992466, -0.101211, -0.006739
cut, -0.7365, 2.5600, -0.2524, 0.068570, 0.992466, -0.101314, -0.006717
cut, -0.7387, 2.5600, -0.2569, 0.067896, 0.992466, -0.101775, -0.006617
cut, -0.7410, 2.5600, -0.2613, 0.067221, 0.992465, -0.102236, -0.006516
cut, -0.7432, 2.5600, -0.2658, 0.066547, 0.992464, -0.102696, -0.006416
cut, -0.7455, 2.5600, -0.2703, 0.065872, 0.992461, -0.103157, -0.006315
cut, -0.7477, 2.5600, -0.2747, 0.065198, 0.992459, -0.103618, -0.006215
cut, -0.7500, 2.5600, -0.2792, 0.064524, 0.992455, -0.104079, -0.006115
cut, -0.7522, 2.5600, -0.2837, 0.063849, 0.992451, -0.104540, -0.006014
cut, -0.7545, 2.5600, -0.2881, 0.063175, 0.992446, -0.105000, -0.005914
cut, -0.7545, 2.5600, -0.2882, 0.063172, 0.992446, -0.105002, -0.005914
cut, -0.7566, 2.5600, -0.2927, 0.062460, 0.992450, -0.105397, -0.005813
cut, -0.7587, 2.5600, -0.2972, 0.061747, 0.992453, -0.105793, -0.005713
cut, -0.7609, 2.5600, -0.3017, 0.061035, 0.992455, -0.106188, -0.005613
cut, -0.7630, 2.5600, -0.3063, 0.060323, 0.992457, -0.106583, -0.005513
cut, -0.7651, 2.5600, -0.3108, 0.059610, 0.992458, -0.106979, -0.005412
cut, -0.7672, 2.5600, -0.3153, 0.058898, 0.992458, -0.107374, -0.005312
cut, -0.7694, 2.5600, -0.3198, 0.058186, 0.992458, -0.107769, -0.005212
cut, -0.7715, 2.5600, -0.3244, 0.057473, 0.992457, -0.108164, -0.005112
cut, -0.7715, 2.5600, -0.3245, 0.057461, 0.992457, -0.108171, -0.005110
cut, -0.7735, 2.5600, -0.3290, 0.056734, 0.992465, -0.108489, -0.005013
cut, -0.7755, 2.5600, -0.3336, 0.056007, 0.992472, -0.108808, -0.004915
cut, -0.7775, 2.5600, -0.3382, 0.055281, 0.992478, -0.109127, -0.004818
cut, -0.7795, 2.5600, -0.3428, 0.054554, 0.992483, -0.109445, -0.004720
cut, -0.7815, 2.5600, -0.3474, 0.053827, 0.992488, -0.109764, -0.004623
cut, -0.7835, 2.5600, -0.3519, 0.053100, 0.992493, -0.110082, -0.004526
cut, -0.7855, 2.5600, -0.3565, 0.052373, 0.992496, -0.110401, -0.004428
cut, -0.7875, 2.5600, -0.3611, 0.051646, 0.992499, -0.110719, -0.004331
cut, -0.7877, 2.5600, -0.3614, 0.051598, 0.992500, -0.110740, -0.004324
cut, -0.7893, 2.5600, -0.3661, 0.050855, 0.992499, -0.111092, -0.004223
cut, -0.7908, 2.5600, -0.3709, 0.050112, 0.992498, -0.111443, -0.004122
cut, -0.7924, 2.5600, -0.3756, 0.049368, 0.992496, -0.111795, -0.004021
cut, -0.7940, 2.5600, -0.3804, 0.048625, 0.992494, -0.112147, -0.003920
cut, -0.7956, 2.5600, -0.3851, 0.047882, 0.992490, -0.112498, -0.003819
cut, -0.7972, 2.5600, -0.3899, 0.047138, 0.992486, -0.112850, -0.003719
cut, -0.7988, 2.5600, -0.3946, 0.046395, 0.992482, -0.113202, -0.003618
cut, -0.8004, 2.5600, -0.3993, 0.045652, 0.992476, -0.113554, -0.003517
cut, -0.8004, 2.5600, -0.3995, 0.045625, 0.992476, -0.113566, -0.003513
cut, -0.8019, 2.5600, -0.4043, 0.044852, 0.992480, -0.113847, -0.003412
cut, -0.8033, 2.5600, -0.4091, 0.044080, 0.992482, -0.114127, -0.003311
cut, -0.8048, 2.5600, -0.4139, 0.043307, 0.992484, -0.114408, -0.003210
cut, -0.8063, 2.5600, -0.4186, 0.042534, 0.992486, -0.114688, -0.003109
cut, -0.8077, 2.5600, -0.4234, 0.041762, 0.992486, -0.114968, -0.003008
cut, -0.8092, 2.5600, -0.4282, 0.040989, 0.992486, -0.115249, -0.002906
cut, -0.8106, 2.5600, -0.4330, 0.040216, 0.992486, -0.115529, -0.002805
cut, -0.8121, 2.5600, -0.4378, 0.039443, 0.992484, -0.115809, -0.002704
cut, -0.8122, 2.5600, -0.4380, 0.039404, 0.992484, -0.115824, -0.002699
cut, -0.8135, 2.5600, -0.4428, 0.038626, 0.992492, -0.116024, -0.002601
cut, -0.8148, 2.5600, -0.4477, 0.037849, 0.992498, -0.116226, -0.002502
cut, -0.8161, 2.5600, -0.4525, 0.037072, 0.992504, -0.116427, -0.002404
cut, -0.8175, 2.5600, -0.4573, 0.036295, 0.992510, -0.116628, -0.002305
cut, -0.8188, 2.5600, -0.4621, 0.035518, 0.992514, -0.116830, -0.002206
cut, -0.8201, 2.5600, -0.4669, 0.034740, 0.992518, -0.117031, -0.002108
cut, -0.8214, 2.5600, -0.4718, 0.033963, 0.992522, -0.117232, -0.002009
cut, -0.8227, 2.5600, -0.4766, 0.033185, 0.992524, -0.117432, -0.001911
cut, -0.8229, 2.5600, -0.4771, 0.033107, 0.992525, -0.117453, -0.001901
cut, -0.8238, 2.5600, -0.4820, 0.032432, 0.992522, -0.117661, -0.001814
cut, -0.8246, 2.5600, -0.4869, 0.031758, 0.992520, -0.117869, -0.001728
cut, -0.8255, 2.5600, -0.4918, 0.031084, 0.992516, -0.118077, -0.001641
cut, -0.8264, 2.5600, -0.4968, 0.030410, 0.992513, -0.118286, -0.001555
cut, -0.8273, 2.5600, -0.5017, 0.029736, 0.992508, -0.118494, -0.001468
cut, -0.8282, 2.5600, -0.5066, 0.029062, 0.992504, -0.118702, -0.001381
cut, -0.8291, 2.5600, -0.5115, 0.028388, 0.992498, -0.118911, -0.001295
cut, -0.8300, 2.5600, -0.5164, 0.027714, 0.992492, -0.119119, -0.001208
cut, -0.8304, 2.5600, -0.5189, 0.027376, 0.992489, -0.119223, -0.001165
cut, -0.8312, 2.5600, -0.5239, 0.023462, 0.992515, -0.119847, -0.000680
cut, -0.8320, 2.5600, -0.5288, 0.019547, 0.992525, -0.120465, -0.000195
cut, -0.8327, 2.5600, -0.5337, 0.015630, 0.992521, -0.121070, 0.000290
cut, -0.8335, 2.5600, -0.5387, 0.011713, 0.992501, -0.121675, 0.000775
cut, -0.8343, 2.5600, -0.5436, 0.007797, 0.992465, -0.122277, 0.001259
cut, -0.8348, 2.5600, -0.5474, 0.004801, 0.992426, -0.122736, 0.001631
cut, -0.8354, 2.5600, -0.5524, 0.005004, 0.992441, -0.122613, 0.001605
cut, -0.8360, 2.5600, -0.5573, 0.005208, 0.992455, -0.122489, 0.001579
cut, -0.8366, 2.5600, -0.5623, 0.005412, 0.992469, -0.122369, 0.001553
cut, -0.8372, 2.5600, -0.5673, 0.005616, 0.992482, -0.122250, 0.001528
cut, -0.8378, 2.5600, -0.5722, 0.005821, 0.992496, -0.122131, 0.001502
cut, -0.8383, 2.5600, -0.5772, 0.006025, 0.992509, -0.122012, 0.001476
cut, -0.8389, 2.5600, -0.5822, 0.006229, 0.992523, -0.121893, 0.001450
cut, -0.8395, 2.5600, -0.5871, 0.006434, 0.992536, -0.121775, 0.001424
cut, -0.8401, 2.5600, -0.5921, 0.006638, 0.992549, -0.121656, 0.001398
cut, -0.8407, 2.5600, -0.5971, 0.006843, 0.992562, -0.121538, 0.001372
cut, -0.8408, 2.5600, -0.5986, 0.006908, 0.992566, -0.121500, 0.001364
cut, -0.8410, 2.5600, -0.6036, 0.006097, 0.992561, -0.121584, 0.001464
cut, -0.8412, 2.5600, -0.6086, 0.005286, 0.992556, -0.121667, 0.001564
cut, -0.8414, 2.5600, -0.6136, 0.004475, 0.992549, -0.121750, 0.001663
cut, -0.8416, 2.5600, -0.6186, 0.003664, 0.992542, -0.121834, 0.001763
cut, -0.8418, 2.5600, -0.6236, 0.002853, 0.992534, -0.121917, 0.001863
cut, -0.8420, 2.5600, -0.6286, 0.002042, 0.992526, -0.122000, 0.001963
cut, -0.8422, 2.5600, -0.6336, 0.001232, 0.992517, -0.122083, 0.002063
cut, -0.8424, 2.5600, -0.6386, 0.000421, 0.992507, -0.122167, 0.002162
cut, -0.8425, 2.5600, -0.6394, 0.000301, 0.992505, -0.122180, 0.002177
cut, -0.8425, 2.5600, -0.6444, 0.000832, 0.992507, -0.122166, 0.002112
cut, -0.8426, 2.5600, -0.6494, 0.001364, 0.992508, -0.122152, 0.002046
cut, -0.8426, 2.5600, -0.6544, 0.001896, 0.992509, -0.122137, 0.001981
cut, -0.8427, 2.5600, -0.6594, 0.002428, 0.992510, -0.122123, 0.001915
cut, -0.8428, 2.5600, -0.6644, 0.002960, 0.992511, -0.122108, 0.001850
cut, -0.8428, 2.5600, -0.6694, 0.003492, 0.992510, -0.122102, 0.001784
cut, -0.8428, 2.5600, -0.6744, 0.004024, 0.992507, -0.122111, 0.001719
cut, -0.8429, 2.5600, -0.6794, 0.004556, 0.992503, -0.122120, 0.001653
cut, -0.8429, 2.5600, -0.6844, 0.005088, 0.992500, -0.122129, 0.001588
cut, -0.8429, 2.5600, -0.6894, 0.005620, 0.992496, -0.122139, 0.001522
cut, -0.8429, 2.5600, -0.6944, 0.006152, 0.992492, -0.122148, 0.001457
cut, -0.8429, 2.5600, -0.6961, 0.006333, 0.992490, -0.122151, 0.001435
cut, -0.8425, 2.5600, -0.7010, 0.005947, 0.992483, -0.122229, 0.001483
cut, -0.8420, 2.5600, -0.7060, 0.005562, 0.992476, -0.122307, 0.001531
cut, -0.8416, 2.5600, -0.7110, 0.005177, 0.992468, -0.122386, 0.001578
cut, -0.8411, 2.5600, -0.7160, 0.004791, 0.992460, -0.122464, 0.001626
cut, -0.8407, 2.5600, -0.7209, 0.004406, 0.992452, -0.122543, 0.001674
cut, -0.8402, 2.5600, -0.7259, 0.004021, 0.992444, -0.122622, 0.001722
cut, -0.8398, 2.5600, -0.7309, 0.003635, 0.992435, -0.122701, 0.001770
cut, -0.8393, 2.5600, -0.7359, 0.003250, 0.992427, -0.122780, 0.001818
cut, -0.8389, 2.5600, -0.7409, 0.002865, 0.992418, -0.122859, 0.001866
cut, -0.8385, 2.5600, -0.7451, 0.002539, 0.992411, -0.122926, 0.001906
cut, -0.8380, 2.5600, -0.7500, -0.001399, 0.992459, -0.122545, 0.002395
cut, -0.8375, 2.5600, -0.7550, -0.005339, 0.992492, -0.122162, 0.002883
cut, -0.8370, 2.5600, -0.7600, -0.009280, 0.992508, -0.121777, 0.003372
cut, -0.8365, 2.5600, -0.7650, -0.013222, 0.992509, -0.121390, 0.003861
cut, -0.8360, 2.5600, -0.7699, -0.017162, 0.992494, -0.121002, 0.004349
cut, -0.8358, 2.5600, -0.7721, -0.018853, 0.992483, -0.120835, 0.004559
cut, -0.8350, 2.5600, -0.7770, -0.019033, 0.992491, -0.120738, 0.004582
cut, -0.8343, 2.5600, -0.7820, -0.019214, 0.992499, -0.120642, 0.004606
cut, -0.8335, 2.5600, -0.7869, -0.019394, 0.992508, -0.120546, 0.004630
cut, -0.8328, 2.5600, -0.7919, -0.019575, 0.992516, -0.120450, 0.004654
cut, -0.8321, 2.5600, -0.7968, -0.019755, 0.992523, -0.120354, 0.004678
cut, -0.8313, 2.5600, -0.8018, -0.019936, 0.992531, -0.120258, 0.004702
cut, -0.8306, 2.5600, -0.8067, -0.020117, 0.992539, -0.120162, 0.004726
cut, -0.8299, 2.5600, -0.8116, -0.020297, 0.992547, -0.120066, 0.004749
cut, -0.8291, 2.5600, -0.8166, -0.020478, 0.992555, -0.119971, 0.004773
cut, -0.8288, 2.5600, -0.8188, -0.020559, 0.992558, -0.119929, 0.004784
cut, -0.8277, 2.5600, -0.8237, -0.021389, 0.992553, -0.119818, 0.004887
cut, -0.8266, 2.5600, -0.8285, -0.022220, 0.992548, -0.119708, 0.004989
cut, -0.8255, 2.5600, -0.8334, -0.023051, 0.992542, -0.119598, 0.005092
cut, -0.8244, 2.5600, -0.8383, -0.023882, 0.992535, -0.119488, 0.005195
cut, -0.8233, 2.5600, -0.8432, -0.024713, 0.992527, -0.119378, 0.005298
cut, -0.8222, 2.5600, -0.8481, -0.025544, 0.992519, -0.119267, 0.005400
cut, -0.8211, 2.5600, -0.8529, -0.026374, 0.992510, -0.119157, 0.005503
cut, -0.8200, 2.5600, -0.8578, -0.027205, 0.992500, -0.119047, 0.005606
cut, -0.8197, 2.5600, -0.8589, -0.027399, 0.992497, -0.119023, 0.005630
cut, -0.8185, 2.5600, -0.8638, -0.028241, 0.992497, -0.118824, 0.005736
cut, -0.8172, 2.5600, -0.8686, -0.029083, 0.992496, -0.118624, 0.005843
cut, -0.8160, 2.5600, -0.8735, -0.029925, 0.992494, -0.118425, 0.005950
cut, -0.8147, 2.5600, -0.8783, -0.030768, 0.992491, -0.118226, 0.006056
cut, -0.8135, 2.5600, -0.8832, -0.031610, 0.992488, -0.118026, 0.006163
cut, -0.8123, 2.5600, -0.8880, -0.032452, 0.992484, -0.117827, 0.006270
cut, -0.8110, 2.5600, -0.8928, -0.033294, 0.992479, -0.117627, 0.006376
cut, -0.8098, 2.5600, -0.8977, -0.034136, 0.992473, -0.117428, 0.006483
cut, -0.8095, 2.5600, -0.8987, -0.034320, 0.992472, -0.117385, 0.006506
cut, -0.8080, 2.5600, -0.9035, -0.035130, 0.992483, -0.117049, 0.006614
cut, -0.8066, 2.5600, -0.9083, -0.035940, 0.992492, -0.116713, 0.006722
cut, -0.8051, 2.5600, -0.9131, -0.036750, 0.992502, -0.116377, 0.006829
cut, -0.8036, 2.5600, -0.9179, -0.037560, 0.992510, -0.116041, 0.006937
cut, -0.8022, 2.5600, -0.9227, -0.038370, 0.992517, -0.115705, 0.007045
cut, -0.8007, 2.5600, -0.9274, -0.039180, 0.992524, -0.115369, 0.007153
cut, -0.7993, 2.5600, -0.9322, -0.039991, 0.992530, -0.115033, 0.007260
cut, -0.7978, 2.5600, -0.9370, -0.040801, 0.992535, -0.114698, 0.007368
cut, -0.7975, 2.5600, -0.9381, -0.040989, 0.992536, -0.114620, 0.007393
cut, -0.7956, 2.5600, -0.9428, -0.040535, 0.992529, -0.114847, 0.007331
cut, -0.7938, 2.5600, -0.9474, -0.040081, 0.992521, -0.115075, 0.007270
cut, -0.7920, 2.5600, -0.9521, -0.039627, 0.992514, -0.115302, 0.007208
cut, -0.7902, 2.5600, -0.9567, -0.039173, 0.992506, -0.115529, 0.007146
cut, -0.7884, 2.5600, -0.9614, -0.038719, 0.992497, -0.115756, 0.007084
cut, -0.7865, 2.5600, -0.9660, -0.038268, 0.992488, -0.115988, 0.007023
cut, -0.7847, 2.5600, -0.9707, -0.037823, 0.992476, -0.116239, 0.006961
cut, -0.7828, 2.5600, -0.9753, -0.037379, 0.992464, -0.116489, 0.006899
cut, -0.7810, 2.5600, -0.9800, -0.036935, 0.992452, -0.116739, 0.006838
cut, -0.7791, 2.5600, -0.9846, -0.036490, 0.992439, -0.116990, 0.006776
cut, -0.7773, 2.5600, -0.9893, -0.036046, 0.992427, -0.117240, 0.006715
cut, -0.7763, 2.5600, -0.9917, -0.035815, 0.992420, -0.117370, 0.006683
cut, -0.7743, 2.5600, -0.9963, -0.036623, 0.992428, -0.117045, 0.006790
cut, -0.7724, 2.5600, -1.0009, -0.037432, 0.992435, -0.116720, 0.006898
cut, -0.7704, 2.5600, -1.0055, -0.038240, 0.992442, -0.116394, 0.007006
cut, -0.7684, 2.5600, -1.0101, -0.039049, 0.992448, -0.116069, 0.007113
cut, -0.7665, 2.5600, -1.0147, -0.039857, 0.992453, -0.115743, 0.007221
cut, -0.7645, 2.5600, -1.0193, -0.040666, 0.992457, -0.115418, 0.007329
cut, -0.7625, 2.5600, -1.0239, -0.041475, 0.992461, -0.115092, 0.007436
cut, -0.7606, 2.5600, -1.0285, -0.042283, 0.992464, -0.114766, 0.007544
cut, -0.7600, 2.5600, -1.0299, -0.042536, 0.992464, -0.114664, 0.007578
cut, -0.7576, 2.5600, -1.0343, -0.042944, 0.992457, -0.114572, 0.007629
cut, -0.7552, 2.5600, -1.0387, -0.043353, 0.992449, -0.114481, 0.007680
cut, -0.7528, 2.5600, -1.0431, -0.043762, 0.992442, -0.114389, 0.007731
cut, -0.7504, 2.5600, -1.0474, -0.044171, 0.992434, -0.114297, 0.007782
cut, -0.7480, 2.5600, -1.0518, -0.044580, 0.992425, -0.114205, 0.007833
cut, -0.7456, 2.5600, -1.0562, -0.044989, 0.992417, -0.114114, 0.007885
cut, -0.7432, 2.5600, -1.0606, -0.045398, 0.992409, -0.114023, 0.007936
cut, -0.7408, 2.5600, -1.0650, -0.045807, 0.992400, -0.113931, 0.007987
cut, -0.7384, 2.5600, -1.0694, -0.046216, 0.992391, -0.113840, 0.008038
cut, -0.7361, 2.5600, -1.0736, -0.046606, 0.992382, -0.113753, 0.008087
cut, -0.7337, 2.5600, -1.0779, -0.050074, 0.992426, -0.111846, 0.008581
cut, -0.7312, 2.5600, -1.0823, -0.053541, 0.992454, -0.109936, 0.009075
cut, -0.7287, 2.5600, -1.0866, -0.057009, 0.992466, -0.108024, 0.009569
cut, -0.7263, 2.5600, -1.0910, -0.060476, 0.992463, -0.106111, 0.010063
cut, -0.7238, 2.5600, -1.0953, -0.063942, 0.992443, -0.104196, 0.010557
cut, -0.7225, 2.5600, -1.0976, -0.065772, 0.992426, -0.103185, 0.010816
cut, -0.7199, 2.5600, -1.1019, -0.065945, 0.992435, -0.102992, 0.010846
cut, -0.7172, 2.5600, -1.1061, -0.066118, 0.992443, -0.102800, 0.010877
cut, -0.7145, 2.5600, -1.1104, -0.066291, 0.992451, -0.102607, 0.010908
cut, -0.7119, 2.5600, -1.1146, -0.066464, 0.992459, -0.102415, 0.010939
cut, -0.7092, 2.5600, -1.1188, -0.066638, 0.992466, -0.102223, 0.010970
cut, -0.7066, 2.5600, -1.1231, -0.066811, 0.992474, -0.102031, 0.011001
cut, -0.7039, 2.5600, -1.1273, -0.066985, 0.992482, -0.101839, 0.011032
cut, -0.7013, 2.5600, -1.1315, -0.067158, 0.992489, -0.101647, 0.011063
cut, -0.6986, 2.5600, -1.1358, -0.067332, 0.992497, -0.101455, 0.011094
cut, -0.6970, 2.5600, -1.1384, -0.067440, 0.992502, -0.101336, 0.011113
cut, -0.6940, 2.5600, -1.1424, -0.068190, 0.992496, -0.100871, 0.011221
cut, -0.6910, 2.5600, -1.1465, -0.068939, 0.992491, -0.100406, 0.011330
cut, -0.6881, 2.5600, -1.1505, -0.069689, 0.992484, -0.099941, 0.011438
cut, -0.6851, 2.5600, -1.1545, -0.070438, 0.992476, -0.099477, 0.011546
cut, -0.6821, 2.5600, -1.1585, -0.071188, 0.992468, -0.099012, 0.011655
cut, -0.6792, 2.5600, -1.1626, -0.071937, 0.992459, -0.098547, 0.011763
cut, -0.6762, 2.5600, -1.1666, -0.072686, 0.992449, -0.098082, 0.011871
cut, -0.6733, 2.5600, -1.1706, -0.073436, 0.992439, -0.097617, 0.011980
cut, -0.6720, 2.5600, -1.1723, -0.073754, 0.992434, -0.097422, 0.012025
cut, -0.6689, 2.5600, -1.1762, -0.073386, 0.992434, -0.097701, 0.011969
cut, -0.6658, 2.5600, -1.1802, -0.073019, 0.992434, -0.097980, 0.011912
cut, -0.6627, 2.5600, -1.1841, -0.072652, 0.992434, -0.098260, 0.011855
cut, -0.6596, 2.5600, -1.1880, -0.072285, 0.992434, -0.098539, 0.011799
cut, -0.6565, 2.5600, -1.1920, -0.071917, 0.992434, -0.098818, 0.011742
cut, -0.6534, 2.5600, -1.1959, -0.071553, 0.992433, -0.099101, 0.011685
cut, -0.6503, 2.5600, -1.1998, -0.071202, 0.992429, -0.099401, 0.011629
cut, -0.6472, 2.5600, -1.2037, -0.070852, 0.992424, -0.099701, 0.011572
cut, -0.6441, 2.5600, -1.2076, -0.070501, 0.992420, -0.100001, 0.011515
cut, -0.6410, 2.5600, -1.2115, -0.070150, 0.992415, -0.100301, 0.011459
cut, -0.6378, 2.5600, -1.2154, -0.069799, 0.992410, -0.100601, 0.011402
cut, -0.6358, 2.5600, -1.2180, -0.069567, 0.992407, -0.100800, 0.011365
cut, -0.6323, 2.5600, -1.2216, -0.070317, 0.992406, -0.100269, 0.011479
cut, -0.6289, 2.5600, -1.2253, -0.071068, 0.992405, -0.099738, 0.011592
cut, -0.6255, 2.5600, -1.2289, -0.071819, 0.992403, -0.099207, 0.011706
cut, -0.6220, 2.5600, -1.2325, -0.072569, 0.992400, -0.098676, 0.011820
cut, -0.6186, 2.5600, -1.2362, -0.073320, 0.992396, -0.098145, 0.011934
cut, -0.6152, 2.5600, -1.2398, -0.074070, 0.992391, -0.097615, 0.012048
cut, -0.6117, 2.5600, -1.2434, -0.074821, 0.992385, -0.097084, 0.012161
cut, -0.6083, 2.5600, -1.2471, -0.075571, 0.992379, -0.096553, 0.012275
cut, -0.6068, 2.5600, -1.2487, -0.075901, 0.992376, -0.096320, 0.012325
cut, -0.6032, 2.5600, -1.2522, -0.076588, 0.992379, -0.095723, 0.012438
cut, -0.5997, 2.5600, -1.2557, -0.077276, 0.992382, -0.095126, 0.012551
cut, -0.5961, 2.5600, -1.2592, -0.077963, 0.992384, -0.094528, 0.012664
cut, -0.5926, 2.5600, -1.2627, -0.078651, 0.992385, -0.093931, 0.012776
cut, -0.5890, 2.5600, -1.2663, -0.079338, 0.992385, -0.093334, 0.012889
cut, -0.5855, 2.5600, -1.2698, -0.080025, 0.992384, -0.092737, 0.013002
cut, -0.5819, 2.5600, -1.2733, -0.080713, 0.992383, -0.092139, 0.013115
cut, -0.5784, 2.5600, -1.2768, -0.081400, 0.992381, -0.091542, 0.013228
cut, -0.5766, 2.5600, -1.2785, -0.081734, 0.992379, -0.091251, 0.013282
cut, -0.5730, 2.5600, -1.2819, -0.082362, 0.992387, -0.090583, 0.013396
cut, -0.5693, 2.5600, -1.2853, -0.082990, 0.992394, -0.089915, 0.013509
cut, -0.5656, 2.5600, -1.2887, -0.083618, 0.992400, -0.089246, 0.013622
cut, -0.5620, 2.5600, -1.2921, -0.084245, 0.992405, -0.088578, 0.013736
cut, -0.5583, 2.5600, -1.2955, -0.084873, 0.992410, -0.087909, 0.013849
cut, -0.5546, 2.5600, -1.2989, -0.085501, 0.992413, -0.087240, 0.013962
cut, -0.5509, 2.5600, -1.3023, -0.086128, 0.992416, -0.086571, 0.014075
cut, -0.5473, 2.5600, -1.3057, -0.086756, 0.992418, -0.085902, 0.014189
cut, -0.5454, 2.5600, -1.3074, -0.087076, 0.992418, -0.085561, 0.014246
cut, -0.5414, 2.5600, -1.3105, -0.087421, 0.992412, -0.085275, 0.014301
cut, -0.5375, 2.5600, -1.3135, -0.087766, 0.992405, -0.084990, 0.014356
cut, -0.5335, 2.5600, -1.3166, -0.088111, 0.992398, -0.084704, 0.014411
cut, -0.5295, 2.5600, -1.3196, -0.088456, 0.992391, -0.084419, 0.014466
cut, -0.5256, 2.5600, -1.3226, -0.088801, 0.992384, -0.084133, 0.014520
cut, -0.5216, 2.5600, -1.3257, -0.089146, 0.992376, -0.083848, 0.014575
cut, -0.5176, 2.5600, -1.3287, -0.089492, 0.992368, -0.083563, 0.014630
cut, -0.5137, 2.5600, -1.3318, -0.089837, 0.992360, -0.083278, 0.014685
cut, -0.5097, 2.5600, -1.3348, -0.090182, 0.992352, -0.082992, 0.014739
cut, -0.5057, 2.5600, -1.3379, -0.090527, 0.992343, -0.082707, 0.014794
cut, -0.5053, 2.5600, -1.3382, -0.090561, 0.992343, -0.082679, 0.014800
cut, -0.5013, 2.5600, -1.3411, -0.090828, 0.992344, -0.082365, 0.014851
cut, -0.4972, 2.5600, -1.3440, -0.091095, 0.992344, -0.082052, 0.014902
cut, -0.4932, 2.5600, -1.3470, -0.091363, 0.992345, -0.081738, 0.014952
cut, -0.4891, 2.5600, -1.3499, -0.091630, 0.992345, -0.081425, 0.015003
cut, -0.4851, 2.5600, -1.3528, -0.091898, 0.992345, -0.081112, 0.015054
cut, -0.4810, 2.5600, -1.3557, -0.092166, 0.992345, -0.080799, 0.015105
cut, -0.4770, 2.5600, -1.3587, -0.092433, 0.992345, -0.080485, 0.015156
cut, -0.4729, 2.5600, -1.3616, -0.092701, 0.992345, -0.080172, 0.015207
cut, -0.4689, 2.5600, -1.3645, -0.092968, 0.992344, -0.079859, 0.015258
cut, -0.4648, 2.5600, -1.3675, -0.093236, 0.992343, -0.079546, 0.015309
cut, -0.4641, 2.5600, -1.3680, -0.093286, 0.992343, -0.079487, 0.015319
cut, -0.4598, 2.5600, -1.3706, -0.093887, 0.992343, -0.078757, 0.015436
cut, -0.4555, 2.5600, -1.3732, -0.094488, 0.992342, -0.078027, 0.015553
cut, -0.4512, 2.5600, -1.3757, -0.095089, 0.992340, -0.077297, 0.015670
cut, -0.4469, 2.5600, -1.3783, -0.095690, 0.992336, -0.076567, 0.015787
cut, -0.4427, 2.5600, -1.3809, -0.096291, 0.992333, -0.075837, 0.015905
cut, -0.4384, 2.5600, -1.3835, -0.096892, 0.992328, -0.075107, 0.016022
cut, -0.4341, 2.5600, -1.3861, -0.097493, 0.992322, -0.074377, 0.016139
cut, -0.4298, 2.5600, -1.3887, -0.098093, 0.992315, -0.073647, 0.016256
cut, -0.4275, 2.5600, -1.3901, -0.098425, 0.992311, -0.073244, 0.016320
cut, -0.4231, 2.5600, -1.3925, -0.098944, 0.992315, -0.072466, 0.016436
cut, -0.4187, 2.5600, -1.3950, -0.099462, 0.992318, -0.071688, 0.016552
cut, -0.4144, 2.5600, -1.3974, -0.099981, 0.992319, -0.070910, 0.016668
cut, -0.4100, 2.5600, -1.3998, -0.100500, 0.992320, -0.070132, 0.016784
cut, -0.4056, 2.5600, -1.4023, -0.101019, 0.992320, -0.069354, 0.016900
cut, -0.4013, 2.5600, -1.4047, -0.101537, 0.992320, -0.068576, 0.017016
cut, -0.3969, 2.5600, -1.4071, -0.102056, 0.992318, -0.067797, 0.017132
cut, -0.3925, 2.5600, -1.4096, -0.102574, 0.992315, -0.067019, 0.017248
cut, -0.3899, 2.5600, -1.4110, -0.102883, 0.992313, -0.066555, 0.017317
cut, -0.3855, 2.5600, -1.4133, -0.103322, 0.992321, -0.065724, 0.017433
cut, -0.3810, 2.5600, -1.4156, -0.103761, 0.992328, -0.064893, 0.017549
cut, -0.3766, 2.5600, -1.4179, -0.104199, 0.992334, -0.064062, 0.017665
cut, -0.3721, 2.5600, -1.4201, -0.104638, 0.992339, -0.063231, 0.017781
cut, -0.3677, 2.5600, -1.4224, -0.105076, 0.992343, -0.062400, 0.017897
cut, -0.3632, 2.5600, -1.4247, -0.105514, 0.992347, -0.061568, 0.018013
cut, -0.3588, 2.5600, -1.4270, -0.105953, 0.992349, -0.060737, 0.018129
cut, -0.3543, 2.5600, -1.4293, -0.106391, 0.992350, -0.059905, 0.018245
cut, -0.3516, 2.5600, -1.4307, -0.106660, 0.992351, -0.059394, 0.018316
cut, -0.3470, 2.5600, -1.4326, -0.107119, 0.992349, -0.058555, 0.018434
cut, -0.3423, 2.5600, -1.4345, -0.107579, 0.992346, -0.057717, 0.018552
cut, -0.3377, 2.5600, -1.4364, -0.108038, 0.992343, -0.056879, 0.018670
cut, -0.3331, 2.5600, -1.4383, -0.108497, 0.992338, -0.056040, 0.018788
cut, -0.3285, 2.5600, -1.4402, -0.108956, 0.992333, -0.055202, 0.018906
cut, -0.3238, 2.5600, -1.4421, -0.109415, 0.992326, -0.054364, 0.019024
cut, -0.3192, 2.5600, -1.4439, -0.109873, 0.992319, -0.053525, 0.019142
cut, -0.3146, 2.5600, -1.4458, -0.110332, 0.992310, -0.052687, 0.019259
cut, -0.3117, 2.5600, -1.4470, -0.110615, 0.992305, -0.052170, 0.019332
cut, -0.3070, 2.5600, -1.4487, -0.110978, 0.992307, -0.051309, 0.019447
cut, -0.3023, 2.5600, -1.4505, -0.111342, 0.992308, -0.050448, 0.019563
cut, -0.2977, 2.5600, -1.4522, -0.111706, 0.992308, -0.049586, 0.019678
cut, -0.2930, 2.5600, -1.4539, -0.112070, 0.992308, -0.048725, 0.019794
cut, -0.2883, 2.5600, -1.4557, -0.112433, 0.992306, -0.047864, 0.019909
cut, -0.2836, 2.5600, -1.4574, -0.112797, 0.992304, -0.047003, 0.020025
cut, -0.2789, 2.5600, -1.4591, -0.113160, 0.992300, -0.046141, 0.020140
cut, -0.2742, 2.5600, -1.4609, -0.113524, 0.992296, -0.045280, 0.020255
cut, -0.2711, 2.5600, -1.4620, -0.113769, 0.992293, -0.044701, 0.020333
cut, -0.2663, 2.5600, -1.4636, -0.114051, 0.992299, -0.043781, 0.020451
cut, -0.2616, 2.5600, -1.4652, -0.114332, 0.992304, -0.042861, 0.020570
cut, -0.2568, 2.5600, -1.4667, -0.114614, 0.992309, -0.041941, 0.020689
cut, -0.2521, 2.5600, -1.4683, -0.114896, 0.992312, -0.041021, 0.020807
cut, -0.2473, 2.5600, -1.4699, -0.115177, 0.992315, -0.040101, 0.020926
cut, -0.2426, 2.5600, -1.4714, -0.115458, 0.992316, -0.039181, 0.021044
cut, -0.2378, 2.5600, -1.4730, -0.115740, 0.992317, -0.038261, 0.021162
cut, -0.2331, 2.5600, -1.4746, -0.116021, 0.992316, -0.037341, 0.021281
cut, -0.2300, 2.5600, -1.4756, -0.116202, 0.992316, -0.036746, 0.021357
cut, -0.2251, 2.5600, -1.4767, -0.116367, 0.992310, -0.036333, 0.021412
cut, -0.2203, 2.5600, -1.4779, -0.116532, 0.992305, -0.035921, 0.021466
cut, -0.2154, 2.5600, -1.4790, -0.116697, 0.992299, -0.035508, 0.021521
cut, -0.2105, 2.5600, -1.4801, -0.116862, 0.992293, -0.035096, 0.021575
cut, -0.2057, 2.5600, -1.4813, -0.117027, 0.992287, -0.034683, 0.021629
cut, -0.2008, 2.5600, -1.4824, -0.117192, 0.992281, -0.034270, 0.021684
cut, -0.1959, 2.5600, -1.4836, -0.117357, 0.992274, -0.033858, 0.021738
cut, -0.1910, 2.5600, -1.4847, -0.117522, 0.992268, -0.033445, 0.021792
cut, -0.1862, 2.5600, -1.4858, -0.117687, 0.992261, -0.033033, 0.021847
cut, -0.1813, 2.5600, -1.4870, -0.117852, 0.992254, -0.032620, 0.021901
cut, -0.1800, 2.5600, -1.4873, -0.117896, 0.992252, -0.032512, 0.021915
cut, -0.1751, 2.5600, -1.4883, -0.117985, 0.992254, -0.032063, 0.021972
cut, -0.1702, 2.5600, -1.4892, -0.118074, 0.992257, -0.031614, 0.022028
cut, -0.1653, 2.5600, -1.4902, -0.118163, 0.992259, -0.031166, 0.022084
cut, -0.1604, 2.5600, -1.4912, -0.118252, 0.992261, -0.030717, 0.022141
cut, -0.1555, 2.5600, -1.4922, -0.118340, 0.992263, -0.030268, 0.022197
cut, -0.1506, 2.5600, -1.4932, -0.118429, 0.992265, -0.029819, 0.022253
cut, -0.1457, 2.5600, -1.4942, -0.118518, 0.992267, -0.029371, 0.022310
cut, -0.1408, 2.5600, -1.4952, -0.118606, 0.992268, -0.028922, 0.022366
cut, -0.1359, 2.5600, -1.4962, -0.118695, 0.992269, -0.028473, 0.022422
cut, -0.1310, 2.5600, -1.4972, -0.118784, 0.992270, -0.028024, 0.022478
cut, -0.1299, 2.5600, -1.4974, -0.118805, 0.992270, -0.027918, 0.022492
cut, -0.1249, 2.5600, -1.4980, -0.119046, 0.992269, -0.026781, 0.022635
cut, -0.1199, 2.5600, -1.4986, -0.119286, 0.992267, -0.025644, 0.022778
cut, -0.1150, 2.5600, -1.4991, -0.119527, 0.992264, -0.024507, 0.022921
cut, -0.1100, 2.5600, -1.4997, -0.119767, 0.992259, -0.023370, 0.023064
cut, -0.1050, 2.5600, -1.5003, -0.120007, 0.992253, -0.022233, 0.023207
cut, -0.1001, 2.5600, -1.5009, -0.120247, 0.992245, -0.021096, 0.023350
cut, -0.0951, 2.5600, -1.5015, -0.120487, 0.992236, -0.019959, 0.023493
cut, -0.0901, 2.5600, -1.5021, -0.120727, 0.992226, -0.018822, 0.023636
cut, -0.0893, 2.5600, -1.5022, -0.120771, 0.992224, -0.018625, 0.023661
cut, -0.0843, 2.5600, -1.5025, -0.120888, 0.992224, -0.017665, 0.023780
cut, -0.0793, 2.5600, -1.5029, -0.121005, 0.992224, -0.016705, 0.023899
cut, -0.0743, 2.5600, -1.5033, -0.121122, 0.992222, -0.015745, 0.024019
cut, -0.0693, 2.5600, -1.5037, -0.121239, 0.992220, -0.014786, 0.024138
cut, -0.0644, 2.5600, -1.5041, -0.121357, 0.992216, -0.013826, 0.024257
cut, -0.0594, 2.5600, -1.5045, -0.121473, 0.992212, -0.012866, 0.024376
cut, -0.0544, 2.5600, -1.5049, -0.121590, 0.992207, -0.011906, 0.024495
cut, -0.0494, 2.5600, -1.5053, -0.121706, 0.992201, -0.010946, 0.024614
cut, -0.0460, 2.5600, -1.5055, -0.121787, 0.992196, -0.010292, 0.024695
cut, -0.0410, 2.5600, -1.5058, -0.121792, 0.992200, -0.009517, 0.024790
cut, -0.0360, 2.5600, -1.5060, -0.121796, 0.992205, -0.008741, 0.024886
cut, -0.0310, 2.5600, -1.5062, -0.121801, 0.992208, -0.007965, 0.024981
cut, -0.0260, 2.5600, -1.5064, -0.121806, 0.992211, -0.007190, 0.025076
cut, -0.0210, 2.5600, -1.5066, -0.121810, 0.992213, -0.006414, 0.025172
cut, -0.0160, 2.5600, -1.5069, -0.121815, 0.992215, -0.005638, 0.025267
cut, -0.0110, 2.5600, -1.5071, -0.121819, 0.992216, -0.004862, 0.025362
cut, -0.0060, 2.5600, -1.5073, -0.121824, 0.992217, -0.004086, 0.025458
cut, -0.0010, 2.5600, -1.5075, -0.121828, 0.992217, -0.003310, 0.025553
cut, 0.0001, 2.5600, -1.5076, -0.121829, 0.992217, -0.003140, 0.025574
cut, 0.0050, 2.5600, -1.5073, -0.121861, 0.992212, -0.002183, 0.025692
cut, 0.0100, 2.5600, -1.5071, -0.121893, 0.992207, -0.001226, 0.025809
cut, 0.0150, 2.5600, -1.5069, -0.121925, 0.992201, -0.000268, 0.025927
cut, 0.0200, 2.5600, -1.5067, -0.121957, 0.992193, 0.000689, 0.026044
cut, 0.0250, 2.5600, -1.5065, -0.121989, 0.992185, 0.001646, 0.026162
cut, 0.0300, 2.5600, -1.5063, -0.122020, 0.992176, 0.002603, 0.026279
cut, 0.0350, 2.5600, -1.5061, -0.122052, 0.992166, 0.003560, 0.026396
cut, 0.0400, 2.5600, -1.5059, -0.122083, 0.992155, 0.004517, 0.026514
cut, 0.0435, 2.5600, -1.5057, -0.122106, 0.992147, 0.005188, 0.026596
cut, 0.0485, 2.5600, -1.5053, -0.122107, 0.992150, 0.004779, 0.026546
cut, 0.0535, 2.5600, -1.5049, -0.122109, 0.992153, 0.004370, 0.026495
cut, 0.0585, 2.5600, -1.5046, -0.122110, 0.992156, 0.003960, 0.026445
cut, 0.0635, 2.5600, -1.5042, -0.122112, 0.992159, 0.003551, 0.026395
cut, 0.0684, 2.5600, -1.5038, -0.122113, 0.992161, 0.003142, 0.026345
cut, 0.0734, 2.5600, -1.5034, -0.122115, 0.992164, 0.002733, 0.026294
cut, 0.0784, 2.5600, -1.5030, -0.122146, 0.992162, 0.002325, 0.026244
cut, 0.0834, 2.5600, -1.5026, -0.122177, 0.992161, 0.001917, 0.026194
cut, 0.0884, 2.5600, -1.5022, -0.122207, 0.992159, 0.001510, 0.026143
cut, 0.0934, 2.5600, -1.5017, -0.122238, 0.992157, 0.001102, 0.026093
cut, 0.0983, 2.5600, -1.5013, -0.122269, 0.992155, 0.000695, 0.026043
cut, 0.1033, 2.5600, -1.5009, -0.122300, 0.992153, 0.000289, 0.025993
cut, 0.1082, 2.5600, -1.5001, -0.122394, 0.992140, 0.000641, 0.026036
cut, 0.1132, 2.5600, -1.4993, -0.122488, 0.992127, 0.000992, 0.026079
cut, 0.1181, 2.5600, -1.4985, -0.122582, 0.992114, 0.001343, 0.026122
cut, 0.1230, 2.5600, -1.4976, -0.122676, 0.992100, 0.001695, 0.026165
cut, 0.1280, 2.5600, -1.4968, -0.122769, 0.992087, 0.002046, 0.026208
cut, 0.1329, 2.5600, -1.4960, -0.122863, 0.992073, 0.002397, 0.026251
cut, 0.1378, 2.5600, -1.4952, -0.122957, 0.992060, 0.002748, 0.026293
cut, 0.1428, 2.5600, -1.4944, -0.123051, 0.992046, 0.003100, 0.026336
cut, 0.1477, 2.5600, -1.4936, -0.123145, 0.992032, 0.003451, 0.026379
cut, 0.1523, 2.5600, -1.4928, -0.123232, 0.992019, 0.003776, 0.026419
cut, 0.1572, 2.5600, -1.4918, -0.122574, 0.992065, 0.007704, 0.026909
cut, 0.1621, 2.5600, -1.4909, -0.121914, 0.992094, 0.011635, 0.027398
cut, 0.1670, 2.5600, -1.4899, -0.121251, 0.992108, 0.015566, 0.027887
cut, 0.1719, 2.5600, -1.4889, -0.120587, 0.992106, 0.019497, 0.028375
cut, 0.1768, 2.5600, -1.4879, -0.119920, 0.992087, 0.023428, 0.028864
cut, 0.1803, 2.5600, -1.4872, -0.119440, 0.992064, 0.026255, 0.029215
cut, 0.1852, 2.5600, -1.4861, -0.119294, 0.992068, 0.026690, 0.029271
cut, 0.1900, 2.5600, -1.4850, -0.119147, 0.992073, 0.027126, 0.029328
cut, 0.1949, 2.5600, -1.4838, -0.119000, 0.992077, 0.027562, 0.029384
cut, 0.1998, 2.5600, -1.4827, -0.118854, 0.992080, 0.027997, 0.029440
cut, 0.2046, 2.5600, -1.4815, -0.118707, 0.992084, 0.028433, 0.029497
cut, 0.2095, 2.5600, -1.4804, -0.118561, 0.992087, 0.028869, 0.029553
cut, 0.2144, 2.5600, -1.4793, -0.118414, 0.992090, 0.029305, 0.029609
cut, 0.2193, 2.5600, -1.4781, -0.118268, 0.992093, 0.029740, 0.029666
cut, 0.2241, 2.5600, -1.4770, -0.118121, 0.992095, 0.030176, 0.029722
cut, 0.2290, 2.5600, -1.4759, -0.117974, 0.992098, 0.030612, 0.029779
cut, 0.2301, 2.5600, -1.4756, -0.117941, 0.992098, 0.030711, 0.029791
cut, 0.2348, 2.5600, -1.4740, -0.118100, 0.992093, 0.030332, 0.029741
cut, 0.2396, 2.5600, -1.4724, -0.118259, 0.992087, 0.029953, 0.029691
cut, 0.2443, 2.5600, -1.4708, -0.118418, 0.992081, 0.029573, 0.029641
cut, 0.2491, 2.5600, -1.4693, -0.118577, 0.992074, 0.029194, 0.029590
cut, 0.2538, 2.5600, -1.4677, -0.118736, 0.992068, 0.028815, 0.029540
cut, 0.2586, 2.5600, -1.4661, -0.118895, 0.992061, 0.028436, 0.029490
cut, 0.2633, 2.5600, -1.4645, -0.119082, 0.992051, 0.028066, 0.029440
cut, 0.2680, 2.5600, -1.4628, -0.119268, 0.992040, 0.027696, 0.029390
cut, 0.2727, 2.5600, -1.4612, -0.119455, 0.992030, 0.027326, 0.029340
cut, 0.2775, 2.5600, -1.4596, -0.119641, 0.992019, 0.026955, 0.029290
cut, 0.2822, 2.5600, -1.4580, -0.119827, 0.992008, 0.026585, 0.029239
cut, 0.2866, 2.5600, -1.4565, -0.120001, 0.991997, 0.026240, 0.029193
cut, 0.2913, 2.5600, -1.4547, -0.119702, 0.992006, 0.027125, 0.029308
cut, 0.2960, 2.5600, -1.4530, -0.119404, 0.992014, 0.028010, 0.029423
cut, 0.3007, 2.5600, -1.4512, -0.119106, 0.992021, 0.028895, 0.029538
cut, 0.3053, 2.5600, -1.4494, -0.118808, 0.992027, 0.029781, 0.029653
cut, 0.3100, 2.5600, -1.4477, -0.118510, 0.992033, 0.030666, 0.029767
cut, 0.3147, 2.5600, -1.4459, -0.118212, 0.992037, 0.031552, 0.029882
cut, 0.3194, 2.5600, -1.4442, -0.117913, 0.992041, 0.032437, 0.029997
cut, 0.3241, 2.5600, -1.4424, -0.117614, 0.992043, 0.033323, 0.030112
cut, 0.3272, 2.5600, -1.4412, -0.117413, 0.992044, 0.033919, 0.030189
cut, 0.3318, 2.5600, -1.4391, -0.117158, 0.992039, 0.034851, 0.030308
cut, 0.3363, 2.5600, -1.4370, -0.116903, 0.992032, 0.035783, 0.030427
cut, 0.3408, 2.5600, -1.4349, -0.116648, 0.992024, 0.036714, 0.030545
cut, 0.3454, 2.5600, -1.4328, -0.116392, 0.992016, 0.037646, 0.030664
cut, 0.3499, 2.5600, -1.4307, -0.116137, 0.992006, 0.038578, 0.030782
cut, 0.3544, 2.5600, -1.4286, -0.115882, 0.991996, 0.039510, 0.030901
cut, 0.3590, 2.5600, -1.4265, -0.115626, 0.991984, 0.040441, 0.031019
cut, 0.3635, 2.5600, -1.4244, -0.115371, 0.991972, 0.041373, 0.031137
cut, 0.3663, 2.5600, -1.4232, -0.115216, 0.991964, 0.041937, 0.031209
cut, 0.3707, 2.5600, -1.4209, -0.114835, 0.991967, 0.042808, 0.031326
cut, 0.3751, 2.5600, -1.4185, -0.114455, 0.991969, 0.043681, 0.031443
cut, 0.3796, 2.5600, -1.4162, -0.114075, 0.991971, 0.044553, 0.031561
cut, 0.3840, 2.5600, -1.4139, -0.113694, 0.991971, 0.045425, 0.031678
cut, 0.3884, 2.5600, -1.4116, -0.113313, 0.991971, 0.046297, 0.031795
cut, 0.3929, 2.5600, -1.4093, -0.112933, 0.991969, 0.047169, 0.031912
cut, 0.3973, 2.5600, -1.4070, -0.112552, 0.991967, 0.048041, 0.032029
cut, 0.4018, 2.5600, -1.4047, -0.112171, 0.991964, 0.048913, 0.032146
cut, 0.4044, 2.5600, -1.4034, -0.111944, 0.991961, 0.049432, 0.032215
cut, 0.4088, 2.5600, -1.4009, -0.111489, 0.991969, 0.050235, 0.032329
cut, 0.4131, 2.5600, -1.3984, -0.111035, 0.991975, 0.051039, 0.032442
cut, 0.4175, 2.5600, -1.3960, -0.110581, 0.991980, 0.051842, 0.032555
cut, 0.4218, 2.5600, -1.3935, -0.110127, 0.991985, 0.052646, 0.032668
cut, 0.4262, 2.5600, -1.3911, -0.109673, 0.991988, 0.053449, 0.032781
cut, 0.4305, 2.5600, -1.3886, -0.109218, 0.991991, 0.054253, 0.032894
cut, 0.4349, 2.5600, -1.3862, -0.108764, 0.991993, 0.055057, 0.033007
cut, 0.4392, 2.5600, -1.3837, -0.108309, 0.991994, 0.055860, 0.033120
cut, 0.4419, 2.5600, -1.3822, -0.108030, 0.991994, 0.056355, 0.033190
cut, 0.4461, 2.5600, -1.3794, -0.107952, 0.991984, 0.056665, 0.033227
cut, 0.4502, 2.5600, -1.3766, -0.107875, 0.991973, 0.056974, 0.033265
cut, 0.4544, 2.5600, -1.3738, -0.107798, 0.991962, 0.057284, 0.033303
cut, 0.4585, 2.5600, -1.3710, -0.107721, 0.991951, 0.057594, 0.033341
cut, 0.4627, 2.5600, -1.3683, -0.107644, 0.991940, 0.057904, 0.033378
cut, 0.4668, 2.5600, -1.3655, -0.107567, 0.991929, 0.058213, 0.033416
cut, 0.4710, 2.5600, -1.3627, -0.107490, 0.991918, 0.058523, 0.033454
cut, 0.4751, 2.5600, -1.3599, -0.107414, 0.991907, 0.058833, 0.033491
cut, 0.4793, 2.5600, -1.3571, -0.107337, 0.991896, 0.059143, 0.033529
cut, 0.4826, 2.5600, -1.3549, -0.107275, 0.991886, 0.059393, 0.033560
cut, 0.4867, 2.5600, -1.3519, -0.107030, 0.991890, 0.059742, 0.033612
cut, 0.4907, 2.5600, -1.3490, -0.106784, 0.991894, 0.060091, 0.033665
cut, 0.4948, 2.5600, -1.3460, -0.106539, 0.991897, 0.060440, 0.033717
cut, 0.4988, 2.5600, -1.3431, -0.106294, 0.991900, 0.060789, 0.033769
cut, 0.5028, 2.5600, -1.3401, -0.106049, 0.991903, 0.061138, 0.033822
cut, 0.5069, 2.5600, -1.3372, -0.105803, 0.991906, 0.061487, 0.033874
cut, 0.5109, 2.5600, -1.3342, -0.105558, 0.991909, 0.061836, 0.033927
cut, 0.5150, 2.5600, -1.3313, -0.105312, 0.991911, 0.062185, 0.033979
cut, 0.5190, 2.5600, -1.3283, -0.105067, 0.991913, 0.062534, 0.034032
cut, 0.5231, 2.5600, -1.3254, -0.104822, 0.991916, 0.062883, 0.034084
cut, 0.5237, 2.5600, -1.3250, -0.104785, 0.991916, 0.062935, 0.034092
cut, 0.5275, 2.5600, -1.3217, -0.104235, 0.991911, 0.063852, 0.034223
cut, 0.5313, 2.5600, -1.3185, -0.103686, 0.991904, 0.064769, 0.034354
cut, 0.5351, 2.5600, -1.3153, -0.103137, 0.991897, 0.065685, 0.034485
cut, 0.5389, 2.5600, -1.3120, -0.102587, 0.991888, 0.066602, 0.034616
cut, 0.5427, 2.5600, -1.3088, -0.102038, 0.991878, 0.067519, 0.034747
cut, 0.5465, 2.5600, -1.3056, -0.101489, 0.991867, 0.068435, 0.034877
cut, 0.5504, 2.5600, -1.3023, -0.100939, 0.991855, 0.069352, 0.035008
cut, 0.5542, 2.5600, -1.2991, -0.100390, 0.991841, 0.070268, 0.035139
cut, 0.5575, 2.5600, -1.2963, -0.099918, 0.991829, 0.071055, 0.035251
cut, 0.5611, 2.5600, -1.2929, -0.099334, 0.991832, 0.071777, 0.035366
cut, 0.5648, 2.5600, -1.2895, -0.098750, 0.991833, 0.072499, 0.035480
cut, 0.5684, 2.5600, -1.2861, -0.098166, 0.991834, 0.073222, 0.035594
cut, 0.5721, 2.5600, -1.2827, -0.097581, 0.991834, 0.073944, 0.035708
cut, 0.5757, 2.5600, -1.2792, -0.096997, 0.991833, 0.074666, 0.035822
cut, 0.5794, 2.5600, -1.2758, -0.096413, 0.991832, 0.075388, 0.035936
cut, 0.5830, 2.5600, -1.2724, -0.095828, 0.991829, 0.076110, 0.036050
cut, 0.5867, 2.5600, -1.2690, -0.095243, 0.991825, 0.076832, 0.036165
cut, 0.5885, 2.5600, -1.2673, -0.094956, 0.991823, 0.077186, 0.036221
cut, 0.5920, 2.5600, -1.2638, -0.094322, 0.991830, 0.077822, 0.036331
cut, 0.5955, 2.5600, -1.2603, -0.093689, 0.991836, 0.078460, 0.036441
cut, 0.5991, 2.5600, -1.2567, -0.093056, 0.991841, 0.079097, 0.036551
cut, 0.6026, 2.5600, -1.2532, -0.092423, 0.991845, 0.079734, 0.036661
cut, 0.6061, 2.5600, -1.2496, -0.091790, 0.991848, 0.080372, 0.036771
cut, 0.6097, 2.5600, -1.2461, -0.091156, 0.991851, 0.081009, 0.036881
cut, 0.6132, 2.5600, -1.2426, -0.090523, 0.991852, 0.081646, 0.036991
cut, 0.6167, 2.5600, -1.2390, -0.089889, 0.991853, 0.082283, 0.037101
cut, 0.6185, 2.5600, -1.2373, -0.089568, 0.991853, 0.082606, 0.037157
cut, 0.6218, 2.5600, -1.2335, -0.088973, 0.991845, 0.083299, 0.037268
cut, 0.6251, 2.5600, -1.2297, -0.088378, 0.991835, 0.083992, 0.037379
cut, 0.6283, 2.5600, -1.2259, -0.087782, 0.991825, 0.084686, 0.037491
cut, 0.6316, 2.5600, -1.2221, -0.087187, 0.991814, 0.085379, 0.037602
cut, 0.6349, 2.5600, -1.2183, -0.086592, 0.991802, 0.086072, 0.037713
cut, 0.6381, 2.5600, -1.2145, -0.085997, 0.991789, 0.086765, 0.037825
cut, 0.6414, 2.5600, -1.2108, -0.085402, 0.991775, 0.087458, 0.037936
cut, 0.6447, 2.5600, -1.2070, -0.084807, 0.991761, 0.088151, 0.038047
cut, 0.6461, 2.5600, -1.2053, -0.084542, 0.991754, 0.088461, 0.038097
cut, 0.6492, 2.5600, -1.2014, -0.083859, 0.991755, 0.089047, 0.038207
cut, 0.6523, 2.5600, -1.1974, -0.083176, 0.991756, 0.089633, 0.038318
cut, 0.6554, 2.5600, -1.1935, -0.082494, 0.991755, 0.090219, 0.038428
cut, 0.6585, 2.5600, -1.1896, -0.081811, 0.991754, 0.090805, 0.038538
cut, 0.6616, 2.5600, -1.1856, -0.081128, 0.991752, 0.091391, 0.038649
cut, 0.6647, 2.5600, -1.1817, -0.080445, 0.991749, 0.091976, 0.038759
cut, 0.6678, 2.5600, -1.1778, -0.079761, 0.991746, 0.092562, 0.038869
cut, 0.6709, 2.5600, -1.1739, -0.079078, 0.991741, 0.093148, 0.038980
cut, 0.6722, 2.5600, -1.1722, -0.078785, 0.991739, 0.093399, 0.039027
cut, 0.6752, 2.5600, -1.1681, -0.078043, 0.991745, 0.093916, 0.039138
cut, 0.6781, 2.5600, -1.1641, -0.077301, 0.991749, 0.094433, 0.039249
cut, 0.6811, 2.5600, -1.1601, -0.076559, 0.991753, 0.094950, 0.039359
cut, 0.6841, 2.5600, -1.1561, -0.075817, 0.991756, 0.095467, 0.039470
cut, 0.6870, 2.5600, -1.1520, -0.075075, 0.991758, 0.095983, 0.039581
cut, 0.6900, 2.5600, -1.1480, -0.074333, 0.991759, 0.096500, 0.039691
cut, 0.6930, 2.5600, -1.1440, -0.073591, 0.991760, 0.097017, 0.039802
cut, 0.6959, 2.5600, -1.1400, -0.072849, 0.991760, 0.097534, 0.039912
cut, 0.6971, 2.5600, -1.1384, -0.072563, 0.991759, 0.097733, 0.039955
cut, 0.6997, 2.5600, -1.1342, -0.072412, 0.991750, 0.097924, 0.039983
cut, 0.7024, 2.5600, -1.1299, -0.072262, 0.991741, 0.098116, 0.040012
cut, 0.7050, 2.5600, -1.1257, -0.072111, 0.991732, 0.098308, 0.040040
cut, 0.7077, 2.5600, -1.1215, -0.071960, 0.991723, 0.098500, 0.040069
cut, 0.7103, 2.5600, -1.1172, -0.071810, 0.991713, 0.098692, 0.040097
cut, 0.7130, 2.5600, -1.1130, -0.071660, 0.991704, 0.098884, 0.040126
cut, 0.7157, 2.5600, -1.1087, -0.071509, 0.991694, 0.099076, 0.040154
cut, 0.7183, 2.5600, -1.1045, -0.071359, 0.991685, 0.099269, 0.040183
cut, 0.7210, 2.5600, -1.1003, -0.071209, 0.991675, 0.099461, 0.040211
cut, 0.7227, 2.5600, -1.0975, -0.071111, 0.991669, 0.099588, 0.040230
cut, 0.7252, 2.5600, -1.0932, -0.070749, 0.991673, 0.099779, 0.040280
cut, 0.7277, 2.5600, -1.0888, -0.070387, 0.991678, 0.099970, 0.040330
cut, 0.7302, 2.5600, -1.0845, -0.070025, 0.991682, 0.100160, 0.040380
cut, 0.7327, 2.5600, -1.0802, -0.069663, 0.991686, 0.100351, 0.040430
cut, 0.7352, 2.5600, -1.0758, -0.069301, 0.991690, 0.100542, 0.040480
cut, 0.7377, 2.5600, -1.0715, -0.068939, 0.991694, 0.100732, 0.040531
cut, 0.7402, 2.5600, -1.0672, -0.068577, 0.991698, 0.100923, 0.040581
cut, 0.7426, 2.5600, -1.0628, -0.068215, 0.991701, 0.101114, 0.040631
cut, 0.7451, 2.5600, -1.0585, -0.067853, 0.991705, 0.101305, 0.040681
cut, 0.7476, 2.5600, -1.0543, -0.067502, 0.991708, 0.101490, 0.040730
cut, 0.7497, 2.5600, -1.0498, -0.066655, 0.991699, 0.102080, 0.040855
cut, 0.7519, 2.5600, -1.0453, -0.065809, 0.991690, 0.102670, 0.040981
cut, 0.7541, 2.5600, -1.0408, -0.064963, 0.991679, 0.103260, 0.041107
cut, 0.7562, 2.5600, -1.0363, -0.064117, 0.991667, 0.103850, 0.041233
cut, 0.7584, 2.5600, -1.0318, -0.063271, 0.991654, 0.104440, 0.041359
cut, 0.7606, 2.5600, -1.0272, -0.062424, 0.991641, 0.105030, 0.041484
cut, 0.7628, 2.5600, -1.0227, -0.061579, 0.991625, 0.105620, 0.041610
cut, 0.7649, 2.5600, -1.0182, -0.060733, 0.991609, 0.106210, 0.041735
cut, 0.7665, 2.5600, -1.0150, -0.060117, 0.991597, 0.106640, 0.041827
cut, 0.7684, 2.5600, -1.0104, -0.059334, 0.991598, 0.107025, 0.041934
cut, 0.7704, 2.5600, -1.0057, -0.058552, 0.991598, 0.107409, 0.042041
cut, 0.7723, 2.5600, -1.0011, -0.057769, 0.991598, 0.107793, 0.042148
cut, 0.7743, 2.5600, -0.9965, -0.056986, 0.991597, 0.108177, 0.042255
cut, 0.7762, 2.5600, -0.9919, -0.056204, 0.991595, 0.108561, 0.042362
cut, 0.7782, 2.5600, -0.9873, -0.055421, 0.991593, 0.108945, 0.042469
cut, 0.7801, 2.5600, -0.9827, -0.054638, 0.991589, 0.109329, 0.042576
cut, 0.7821, 2.5600, -0.9781, -0.053855, 0.991585, 0.109713, 0.042683
cut, 0.7827, 2.5600, -0.9767, -0.053611, 0.991584, 0.109833, 0.042717
cut, 0.7845, 2.5600, -0.9720, -0.052790, 0.991589, 0.110139, 0.042824
cut, 0.7863, 2.5600, -0.9673, -0.051969, 0.991594, 0.110445, 0.042932
cut, 0.7881, 2.5600, -0.9627, -0.051149, 0.991598, 0.110751, 0.043039
cut, 0.7899, 2.5600, -0.9580, -0.050328, 0.991601, 0.111057, 0.043146
cut, 0.7917, 2.5600, -0.9534, -0.049507, 0.991603, 0.111363, 0.043254
cut, 0.7935, 2.5600, -0.9487, -0.048686, 0.991605, 0.111669, 0.043361
cut, 0.7953, 2.5600, -0.9440, -0.047865, 0.991605, 0.111975, 0.043468
cut, 0.7971, 2.5600, -0.9394, -0.047044, 0.991605, 0.112281, 0.043575
cut, 0.7976, 2.5600, -0.9381, -0.046823, 0.991605, 0.112363, 0.043604
cut, 0.7990, 2.5600, -0.9333, -0.046042, 0.991595, 0.112736, 0.043710
cut, 0.8005, 2.5600, -0.9285, -0.045260, 0.991584, 0.113109, 0.043815
cut, 0.8020, 2.5600, -0.9238, -0.044479, 0.991572, 0.113483, 0.043920
cut, 0.8034, 2.5600, -0.9190, -0.043697, 0.991559, 0.113856, 0.044026
cut, 0.8049, 2.5600, -0.9142, -0.042916, 0.991545, 0.114230, 0.044131
cut, 0.8063, 2.5600, -0.9094, -0.042135, 0.991531, 0.114603, 0.044236
cut, 0.8078, 2.5600, -0.9046, -0.041354, 0.991516, 0.114977, 0.044341
cut, 0.8093, 2.5600, -0.8998, -0.040573, 0.991500, 0.115350, 0.044446
cut, 0.8096, 2.5600, -0.8986, -0.040377, 0.991496, 0.115444, 0.044473
cut, 0.8109, 2.5600, -0.8938, -0.039557, 0.991497, 0.115683, 0.044578
cut, 0.8121, 2.5600, -0.8890, -0.038737, 0.991496, 0.115923, 0.044683
cut, 0.8134, 2.5600, -0.8841, -0.037917, 0.991495, 0.116162, 0.044788
cut, 0.8146, 2.5600, -0.8793, -0.037096, 0.991493, 0.116401, 0.044893
cut, 0.8158, 2.5600, -0.8744, -0.036276, 0.991491, 0.116640, 0.044997
cut, 0.8171, 2.5600, -0.8696, -0.035456, 0.991488, 0.116879, 0.045102
cut, 0.8183, 2.5600, -0.8648, -0.034636, 0.991484, 0.117118, 0.045207
cut, 0.8196, 2.5600, -0.8599, -0.033815, 0.991479, 0.117357, 0.045312
cut, 0.8199, 2.5600, -0.8588, -0.033621, 0.991478, 0.117414, 0.045337
cut, 0.8210, 2.5600, -0.8539, -0.032776, 0.991482, 0.117572, 0.045442
cut, 0.8221, 2.5600, -0.8490, -0.031930, 0.991486, 0.117731, 0.045548
cut, 0.8232, 2.5600, -0.8441, -0.031084, 0.991490, 0.117890, 0.045653
cut, 0.8243, 2.5600, -0.8393, -0.030239, 0.991492, 0.118049, 0.045759
cut, 0.8254, 2.5600, -0.8344, -0.029393, 0.991494, 0.118207, 0.045864
cut, 0.8265, 2.5600, -0.8295, -0.028547, 0.991494, 0.118366, 0.045970
cut, 0.8276, 2.5600, -0.8246, -0.027701, 0.991495, 0.118525, 0.046075
cut, 0.8287, 2.5600, -0.8197, -0.026856, 0.991494, 0.118684, 0.046180
cut, 0.8289, 2.5600, -0.8188, -0.026691, 0.991494, 0.118714, 0.046201
cut, 0.8296, 2.5600, -0.8138, -0.026531, 0.991485, 0.118816, 0.046222
cut, 0.8304, 2.5600, -0.8089, -0.026370, 0.991476, 0.118917, 0.046244
cut, 0.8311, 2.5600, -0.8040, -0.026210, 0.991467, 0.119019, 0.046265
cut, 0.8318, 2.5600, -0.7990, -0.026050, 0.991458, 0.119121, 0.046287
cut, 0.8326, 2.5600, -0.7941, -0.025890, 0.991449, 0.119223, 0.046308
cut, 0.8333, 2.5600, -0.7891, -0.025730, 0.991440, 0.119325, 0.046330
cut, 0.8340, 2.5600, -0.7842, -0.025570, 0.991431, 0.119428, 0.046351
cut, 0.8348, 2.5600, -0.7792, -0.025410, 0.991421, 0.119530, 0.046373
cut, 0.8355, 2.5600, -0.7743, -0.025250, 0.991412, 0.119633, 0.046394
cut, 0.8359, 2.5600, -0.7719, -0.025173, 0.991407, 0.119684, 0.046405
cut, 0.8364, 2.5600, -0.7669, -0.024793, 0.991412, 0.119706, 0.046451
cut, 0.8370, 2.5600, -0.7620, -0.024412, 0.991417, 0.119728, 0.046498
cut, 0.8375, 2.5600, -0.7570, -0.024032, 0.991421, 0.119750, 0.046545
cut, 0.8381, 2.5600, -0.7520, -0.023651, 0.991426, 0.119772, 0.046591
cut, 0.8386, 2.5600, -0.7471, -0.023271, 0.991430, 0.119794, 0.046638
cut, 0.8392, 2.5600, -0.7421, -0.022890, 0.991434, 0.119816, 0.046685
cut, 0.8397, 2.5600, -0.7371, -0.022510, 0.991437, 0.119838, 0.046731
cut, 0.8403, 2.5600, -0.7321, -0.022129, 0.991441, 0.119860, 0.046778
cut, 0.8409, 2.5600, -0.7272, -0.021749, 0.991445, 0.119883, 0.046825
cut, 0.8413, 2.5600, -0.7229, -0.021423, 0.991448, 0.119902, 0.046865
cut, 0.8415, 2.5600, -0.7179, -0.020443, 0.991437, 0.120110, 0.046987
cut, 0.8417, 2.5600, -0.7129, -0.019463, 0.991426, 0.120319, 0.047109
cut, 0.8419, 2.5600, -0.7079, -0.018482, 0.991413, 0.120528, 0.047231
cut, 0.8421, 2.5600, -0.7029, -0.017502, 0.991400, 0.120737, 0.047354
cut, 0.8423, 2.5600, -0.6979, -0.016522, 0.991386, 0.120946, 0.047476
cut, 0.8425, 2.5600, -0.6930, -0.015542, 0.991370, 0.121155, 0.047598
cut, 0.8427, 2.5600, -0.6880, -0.014562, 0.991353, 0.121364, 0.047720
cut, 0.8429, 2.5600, -0.6830, -0.013582, 0.991336, 0.121573, 0.047842
cut, 0.8430, 2.5600, -0.6798, -0.012965, 0.991324, 0.121706, 0.047918
cut, 0.8430, 2.5600, -0.6748, -0.012123, 0.991325, 0.121746, 0.048022
cut, 0.8429, 2.5600, -0.6698, -0.011282, 0.991325, 0.121786, 0.048126
cut, 0.8428, 2.5600, -0.6648, -0.010440, 0.991324, 0.121826, 0.048230
cut, 0.8428, 2.5600, -0.6598, -0.009599, 0.991323, 0.121866, 0.048333
cut, 0.8427, 2.5600, -0.6548, -0.008757, 0.991320, 0.121905, 0.048437
cut, 0.8427, 2.5600, -0.6498, -0.007915, 0.991318, 0.121945, 0.048541
cut, 0.8426, 2.5600, -0.6448, -0.007074, 0.991314, 0.121985, 0.048644
cut, 0.8426, 2.5600, -0.6398, -0.006232, 0.991310, 0.122024, 0.048748
cut, 0.8426, 2.5600, -0.6392, -0.006124, 0.991309, 0.122029, 0.048761
cut, 0.8424, 2.5600, -0.6342, -0.005288, 0.991314, 0.121988, 0.048864
cut, 0.8422, 2.5600, -0.6292, -0.004451, 0.991318, 0.121947, 0.048967
cut, 0.8420, 2.5600, -0.6242, -0.003615, 0.991321, 0.121906, 0.049070
cut, 0.8418, 2.5600, -0.6192, -0.002778, 0.991324, 0.121865, 0.049173
cut, 0.8416, 2.5600, -0.6142, -0.001941, 0.991326, 0.121823, 0.049276
cut, 0.8414, 2.5600, -0.6092, -0.001105, 0.991327, 0.121782, 0.049378
cut, 0.8412, 2.5600, -0.6042, -0.000268, 0.991328, 0.121741, 0.049481
cut, 0.8410, 2.5600, -0.5992, 0.000569, 0.991328, 0.121699, 0.049584
cut, 0.8409, 2.5600, -0.5986, 0.000661, 0.991328, 0.121695, 0.049595
cut, 0.8404, 2.5600, -0.5937, 0.000834, 0.991316, 0.121780, 0.049616
cut, 0.8398, 2.5600, -0.5887, 0.001006, 0.991304, 0.121866, 0.049636
cut, 0.8392, 2.5600, -0.5837, 0.001179, 0.991292, 0.121952, 0.049657
cut, 0.8387, 2.5600, -0.5788, 0.001351, 0.991281, 0.122038, 0.049677
cut, 0.8381, 2.5600, -0.5738, 0.001524, 0.991269, 0.122124, 0.049698
cut, 0.8375, 2.5600, -0.5688, 0.001696, 0.991257, 0.122210, 0.049718
cut, 0.8369, 2.5600, -0.5639, 0.001869, 0.991245, 0.122297, 0.049739
cut, 0.8364, 2.5600, -0.5589, 0.002041, 0.991233, 0.122383, 0.049759
cut, 0.8358, 2.5600, -0.5539, 0.002214, 0.991221, 0.122470, 0.049780
cut, 0.8356, 2.5600, -0.5521, 0.002278, 0.991216, 0.122502, 0.049788
cut, 0.8348, 2.5600, -0.5471, 0.002629, 0.991219, 0.122451, 0.049831
cut, 0.8341, 2.5600, -0.5422, 0.002980, 0.991222, 0.122401, 0.049875
cut, 0.8333, 2.5600, -0.5373, 0.003331, 0.991225, 0.122350, 0.049919
cut, 0.8325, 2.5600, -0.5323, 0.003682, 0.991228, 0.122299, 0.049962
cut, 0.8318, 2.5600, -0.5274, 0.004033, 0.991231, 0.122249, 0.050006
cut, 0.8310, 2.5600, -0.5224, 0.004384, 0.991233, 0.122198, 0.050049
cut, 0.8303, 2.5600, -0.5175, 0.004735, 0.991236, 0.122147, 0.050093
cut, 0.8295, 2.5600, -0.5126, 0.005086, 0.991238, 0.122097, 0.050137
cut, 0.8288, 2.5600, -0.5076, 0.005437, 0.991240, 0.122046, 0.050180
cut, 0.8281, 2.5600, -0.5034, 0.005737, 0.991242, 0.122003, 0.050218
cut, 0.8270, 2.5600, -0.4985, 0.006760, 0.991233, 0.121975, 0.050343
cut, 0.8259, 2.5600, -0.4936, 0.007782, 0.991222, 0.121947, 0.050469
cut, 0.8248, 2.5600, -0.4888, 0.008805, 0.991211, 0.121920, 0.050594
cut, 0.8237, 2.5600, -0.4839, 0.009828, 0.991198, 0.121892, 0.050719
cut, 0.8226, 2.5600, -0.4790, 0.010850, 0.991184, 0.121865, 0.050845
cut, 0.8215, 2.5600, -0.4741, 0.011873, 0.991169, 0.121837, 0.050970
cut, 0.8204, 2.5600, -0.4692, 0.012896, 0.991154, 0.121810, 0.051095
cut, 0.8193, 2.5600, -0.4644, 0.013918, 0.991137, 0.121782, 0.051220
cut, 0.8187, 2.5600, -0.4617, 0.014486, 0.991127, 0.121767, 0.051290
cut, 0.8174, 2.5600, -0.4568, 0.015298, 0.991128, 0.121618, 0.051392
cut, 0.8160, 2.5600, -0.4520, 0.016111, 0.991128, 0.121469, 0.051494
cut, 0.8147, 2.5600, -0.4472, 0.016923, 0.991127, 0.121321, 0.051596
cut, 0.8133, 2.5600, -0.4424, 0.017735, 0.991126, 0.121172, 0.051698
cut, 0.8120, 2.5600, -0.4376, 0.018547, 0.991124, 0.121023, 0.051800
cut, 0.8106, 2.5600, -0.4328, 0.019360, 0.991121, 0.120874, 0.051902
cut, 0.8093, 2.5600, -0.4279, 0.020172, 0.991118, 0.120724, 0.052004
cut, 0.8080, 2.5600, -0.4231, 0.020984, 0.991114, 0.120575, 0.052106
cut, 0.8079, 2.5600, -0.4228, 0.021036, 0.991113, 0.120565, 0.052112
cut, 0.8064, 2.5600, -0.4180, 0.021803, 0.991118, 0.120346, 0.052210
cut, 0.8049, 2.5600, -0.4133, 0.022571, 0.991122, 0.120128, 0.052309
cut, 0.8034, 2.5600, -0.4085, 0.023339, 0.991126, 0.119910, 0.052407
cut, 0.8020, 2.5600, -0.4037, 0.024107, 0.991129, 0.119691, 0.052506
cut, 0.8005, 2.5600, -0.3989, 0.024875, 0.991131, 0.119473, 0.052604
cut, 0.7990, 2.5600, -0.3942, 0.025643, 0.991132, 0.119255, 0.052702
cut, 0.7975, 2.5600, -0.3894, 0.026411, 0.991133, 0.119036, 0.052800
cut, 0.7961, 2.5600, -0.3846, 0.027180, 0.991133, 0.118817, 0.052899
cut, 0.7959, 2.5600, -0.3842, 0.027248, 0.991133, 0.118798, 0.052907
cut, 0.7941, 2.5600, -0.3795, 0.028045, 0.991121, 0.118668, 0.053006
cut, 0.7923, 2.5600, -0.3749, 0.028841, 0.991109, 0.118538, 0.053104
cut, 0.7905, 2.5600, -0.3702, 0.029638, 0.991096, 0.118409, 0.053203
cut, 0.7887, 2.5600, -0.3655, 0.030434, 0.991082, 0.118279, 0.053301
cut, 0.7869, 2.5600, -0.3609, 0.031230, 0.991067, 0.118150, 0.053399
cut, 0.7851, 2.5600, -0.3562, 0.032027, 0.991052, 0.118020, 0.053498
cut, 0.7832, 2.5600, -0.3516, 0.032823, 0.991036, 0.117891, 0.053596
cut, 0.7814, 2.5600, -0.3469, 0.033619, 0.991019, 0.117762, 0.053694
cut, 0.7813, 2.5600, -0.3466, 0.033673, 0.991018, 0.117754, 0.053701
cut, 0.7793, 2.5600, -0.3420, 0.034464, 0.991018, 0.117473, 0.053804
cut, 0.7773, 2.5600, -0.3374, 0.035254, 0.991018, 0.117193, 0.053908
cut, 0.7753, 2.5600, -0.3329, 0.036045, 0.991017, 0.116912, 0.054012
cut, 0.7732, 2.5600, -0.3283, 0.036835, 0.991016, 0.116631, 0.054115
cut, 0.7712, 2.5600, -0.3237, 0.037626, 0.991013, 0.116350, 0.054219
cut, 0.7692, 2.5600, -0.3191, 0.038416, 0.991010, 0.116069, 0.054322
cut, 0.7672, 2.5600, -0.3146, 0.039207, 0.991006, 0.115788, 0.054426
cut, 0.7652, 2.5600, -0.3100, 0.039990, 0.991002, 0.115509, 0.054528
cut, 0.7630, 2.5600, -0.3055, 0.043635, 0.990997, 0.113989, 0.055019
cut, 0.7608, 2.5600, -0.3010, 0.047279, 0.990977, 0.112468, 0.055509
cut, 0.7586, 2.5600, -0.2965, 0.050923, 0.990940, 0.110944, 0.055998
cut, 0.7565, 2.5600, -0.2920, 0.054566, 0.990888, 0.109420, 0.056487
cut, 0.7546, 2.5600, -0.2882, 0.057693, 0.990831, 0.108110, 0.056904
cut, 0.7523, 2.5600, -0.2837, 0.058390, 0.990830, 0.107684, 0.057006
cut, 0.7501, 2.5600, -0.2792, 0.059087, 0.990829, 0.107259, 0.057107
cut, 0.7478, 2.5600, -0.2748, 0.059784, 0.990828, 0.106833, 0.057208
cut, 0.7456, 2.5600, -0.2703, 0.060481, 0.990825, 0.106408, 0.057309
cut, 0.7433, 2.5600, -0.2658, 0.061178, 0.990822, 0.105982, 0.057410
cut, 0.7411, 2.5600, -0.2614, 0.061875, 0.990819, 0.105557, 0.057511
cut, 0.7389, 2.5600, -0.2569, 0.062573, 0.990814, 0.105132, 0.057611
cut, 0.7366, 2.5600, -0.2524, 0.063270, 0.990809, 0.104706, 0.057712
cut, 0.7366, 2.5600, -0.2524, 0.063273, 0.990809, 0.104704, 0.057713
cut, 0.7340, 2.5600, -0.2482, 0.063360, 0.990810, 0.104638, 0.057726
cut, 0.7313, 2.5600, -0.2439, 0.063446, 0.990810, 0.104572, 0.057740
cut, 0.7287, 2.5600, -0.2397, 0.063533, 0.990811, 0.104506, 0.057753
cut, 0.7261, 2.5600, -0.2354, 0.063620, 0.990812, 0.104440, 0.057766
cut, 0.7235, 2.5600, -0.2311, 0.063707, 0.990812, 0.104373, 0.057780
cut, 0.7208, 2.5600, -0.2269, 0.063794, 0.990813, 0.104307, 0.057793
cut, 0.7182, 2.5600, -0.2226, 0.063880, 0.990814, 0.104241, 0.057807
cut, 0.7156, 2.5600, -0.2184, 0.063967, 0.990814, 0.104175, 0.057820
cut, 0.7130, 2.5600, -0.2141, 0.064054, 0.990815, 0.104109, 0.057834
cut, 0.7103, 2.5600, -0.2099, 0.064141, 0.990815, 0.104043, 0.057847
cut, 0.7077, 2.5600, -0.2056, 0.064228, 0.990816, 0.103977, 0.057860
cut, 0.7051, 2.5600, -0.2014, 0.064315, 0.990816, 0.103911, 0.057874
cut, 0.7025, 2.5600, -0.1971, 0.064401, 0.990817, 0.103845, 0.057887
cut, 0.6998, 2.5600, -0.1928, 0.064488, 0.990817, 0.103779, 0.057901
cut, 0.6972, 2.5600, -0.1886, 0.064575, 0.990818, 0.103712, 0.057914
cut, 0.6946, 2.5600, -0.1843, 0.064662, 0.990818, 0.103646, 0.057928
cut, 0.6920, 2.5600, -0.1801, 0.064749, 0.990819, 0.103580, 0.057941
cut, 0.6893, 2.5600, -0.1758, 0.064836, 0.990819, 0.103514, 0.057954
cut, 0.6867, 2.5600, -0.1716, 0.064923, 0.990819, 0.103448, 0.057968
cut, 0.6841, 2.5600, -0.1673, 0.065010, 0.990820, 0.103382, 0.057981
cut, 0.6814, 2.5600, -0.1631, 0.065097, 0.990820, 0.103316, 0.057995
cut, 0.6788, 2.5600, -0.1588, 0.065183, 0.990821, 0.103250, 0.058008
cut, 0.6762, 2.5600, -0.1546, 0.065270, 0.990821, 0.103184, 0.058022
cut, 0.6736, 2.5600, -0.1503, 0.065357, 0.990821, 0.103118, 0.058035
cut, 0.6709, 2.5600, -0.1460, 0.065444, 0.990822, 0.103053, 0.058048
cut, 0.6683, 2.5600, -0.1418, 0.065531, 0.990822, 0.102987, 0.058062
cut, 0.6657, 2.5600, -0.1375, 0.065618, 0.990822, 0.102921, 0.058075
cut, 0.6631, 2.5600, -0.1333, 0.065705, 0.990823, 0.102855, 0.058089
cut, 0.6604, 2.5600, -0.1290, 0.065792, 0.990823, 0.102789, 0.058102
cut, 0.6578, 2.5600, -0.1248, 0.065879, 0.990823, 0.102723, 0.058116
cut, 0.6552, 2.5600, -0.1205, 0.065966, 0.990823, 0.102657, 0.058129
cut, 0.6533, 2.5600, -0.1174, 0.066029, 0.990824, 0.102609, 0.058139
