bbox, 1658.8348, 541.5902, -1540.0000, 1270.0000, 700.0000, 1050.0000
cut, 2.1810, 1.4140, -0.4507, 0.000000, -0.255483, 0.966813, 0.000000
cut, 2.1810, 1.4140, -0.7507, -0.085708, -0.240678, 0.910786, 0.324340
cut, 2.1810, 1.4140, -1.0206, -0.122218, -0.224354, 0.849011, 0.462503
cut, 2.1798, 1.4162, -1.0259, -0.120905, -0.225077, 0.851673, 0.457575
cut, 2.1785, 1.4184, -1.0312, -0.119554, -0.225840, 0.854321, 0.452591
cut, 2.1771, 1.4205, -1.0364, -0.118166, -0.226642, 0.856952, 0.447552
cut, 2.1758, 1.4226, -1.0416, -0.116741, -0.227484, 0.859565, 0.442460
cut, 2.1744, 1.4247, -1.0468, -0.115279, -0.228367, 0.862157, 0.437316
cut, 2.1729, 1.4268, -1.0519, -0.113780, -0.229290, 0.864726, 0.432121
cut, 2.1714, 1.4289, -1.0570, -0.112245, -0.230254, 0.867271, 0.426878
cut, 2.1699, 1.4309, -1.0621, -0.110674, -0.231260, 0.869789, 0.421588
cut, 2.1684, 1.4329, -1.0671, -0.109068, -0.232308, 0.872279, 0.416254
cut, 2.1668, 1.4349, -1.0720, -0.107427, -0.233397, 0.874738, 0.410876
cut, 2.1652, 1.4369, -1.0770, -0.105752, -0.234528, 0.877164, 0.405459
cut, 2.1636, 1.4389, -1.0819, -0.104043, -0.235702, 0.879555, 0.400003
cut, 2.1619, 1.4408, -1.0867, -0.102302, -0.236918, 0.881910, 0.394512
cut, 2.1602, 1.4427, -1.0915, -0.100528, -0.238176, 0.884226, 0.388988
cut, 2.1585, 1.4446, -1.0963, -0.098724, -0.239476, 0.886501, 0.383433
cut, 2.1567, 1.4465, -1.1011, -0.096890, -0.240819, 0.888734, 0.377850
cut, 2.1549, 1.4483, -1.1058, -0.095026, -0.242204, 0.890922, 0.372242
cut, 2.1531, 1.4501, -1.1104, -0.093134, -0.243631, 0.893065, 0.366613
cut, 2.1512, 1.4519, -1.1150, -0.091216, -0.245100, 0.895160, 0.360964
cut, 2.1493, 1.4537, -1.1196, -0.089271, -0.246611, 0.897205, 0.355299
cut, 2.1473, 1.4555, -1.1242, -0.087303, -0.248163, 0.899199, 0.349621
cut, 2.1454, 1.4572, -1.1287, -0.085310, -0.249755, 0.901140, 0.343933
cut, 2.1433, 1.4589, -1.1331, -0.083296, -0.251389, 0.903028, 0.338239
cut, 2.1413, 1.4606, -1.1376, -0.081261, -0.253062, 0.904860, 0.332541
cut, 2.1392, 1.4623, -1.1420, -0.079207, -0.254776, 0.906636, 0.326843
cut, 2.1371, 1.4639, -1.1463, -0.077134, -0.256528, 0.908354, 0.321149
cut, 2.1350, 1.4656, -1.1506, -0.075046, -0.258319, 0.910013, 0.315460
cut, 2.1328, 1.4672, -1.1549, -0.072942, -0.260148, 0.911613, 0.309781
cut, 2.1306, 1.4687, -1.1591, -0.070825, -0.262014, 0.913152, 0.304116
cut, 2.1283, 1.4703, -1.1633, -0.068696, -0.263917, 0.914629, 0.298466
cut, 2.1261, 1.4718, -1.1675, -0.066556, -0.265856, 0.916045, 0.292836
cut, 2.1238, 1.4734, -1.1716, -0.064408, -0.267829, 0.917398, 0.287229
cut, 2.1214, 1.4749, -1.1757, -0.062252, -0.269838, 0.918688, 0.281648
cut, 2.1190, 1.4763, -1.1797, -0.060090, -0.271880, 0.919914, 0.276095
cut, 2.1166, 1.4778, -1.1837, -0.057924, -0.273954, 0.921077, 0.270575
cut, 2.1142, 1.4792, -1.1877, -0.055756, -0.276060, 0.922176, 0.265089
cut, 2.1117, 1.4806, -1.1916, -0.053586, -0.278198, 0.923212, 0.259642
cut, 2.1092, 1.4820, -1.1955, -0.051417, -0.280365, 0.924184, 0.254236
cut, 2.1066, 1.4834, -1.1993, -0.049249, -0.282562, 0.925092, 0.248873
cut, 2.1041, 1.4847, -1.2031, -0.047085, -0.284787, 0.925937, 0.243556
cut, 2.1014, 1.4860, -1.2069, -0.044925, -0.287039, 0.926720, 0.238288
cut, 2.0988, 1.4873, -1.2106, -0.042772, -0.289318, 0.927439, 0.233071
cut, 2.0961, 1.4886, -1.2143, -0.040626, -0.291622, 0.928097, 0.227908
cut, 2.0934, 1.4899, -1.2179, -0.038490, -0.293950, 0.928694, 0.222801
cut, 2.0906, 1.4911, -1.2215, -0.036363, -0.296302, 0.929229, 0.217752
cut, 2.0879, 1.4923, -1.2251, -0.034248, -0.298676, 0.929705, 0.212763
cut, 2.0850, 1.4935, -1.2286, -0.032146, -0.301072, 0.930122, 0.207836
cut, 2.0822, 1.4947, -1.2321, -0.030058, -0.303488, 0.930480, 0.202973
cut, 2.0793, 1.4958, -1.2356, -0.027986, -0.305924, 0.930781, 0.198175
cut, 2.0764, 1.4969, -1.2390, -0.025929, -0.308379, 0.931026, 0.193444
cut, 2.0734, 1.4980, -1.2424, -0.023890, -0.310851, 0.931215, 0.188782
cut, 2.0705, 1.4991, -1.2457, -0.021870, -0.313341, 0.931350, 0.184190
cut, 2.0674, 1.5002, -1.2490, -0.019869, -0.315846, 0.931432, 0.179669
cut, 2.0644, 1.5012, -1.2522, -0.017888, -0.318366, 0.931462, 0.175220
cut, 2.0613, 1.5022, -1.2555, -0.015929, -0.320900, 0.931441, 0.170844
cut, 2.0582, 1.5032, -1.2586, -0.013992, -0.323448, 0.931370, 0.166542
cut, 2.0550, 1.5042, -1.2618, -0.012077, -0.326008, 0.931250, 0.162315
cut, 2.0519, 1.5051, -1.2649, -0.010187, -0.328579, 0.931083, 0.158164
cut, 2.0486, 1.5061, -1.2679, -0.008321, -0.331161, 0.930870, 0.154089
cut, 2.0454, 1.5070, -1.2710, -0.006479, -0.333753, 0.930613, 0.150090
cut, 2.0421, 1.5078, -1.2739, -0.004664, -0.336355, 0.930311, 0.146168
cut, 2.0388, 1.5087, -1.2769, -0.002874, -0.338964, 0.929967, 0.142324
cut, 2.0354, 1.5096, -1.2798, -0.001112, -0.341581, 0.929582, 0.138557
cut, 2.0320, 1.5104, -1.2827, 0.000623, -0.344205, 0.929157, 0.134867
cut, 2.0286, 1.5112, -1.2855, 0.002331, -0.346835, 0.928694, 0.131255
cut, 2.0251, 1.5119, -1.2883, 0.004011, -0.349471, 0.928192, 0.127721
cut, 2.0217, 1.5127, -1.2910, 0.005662, -0.352111, 0.927655, 0.124264
cut, 2.0181, 1.5134, -1.2937, 0.007284, -0.354756, 0.927083, 0.120885
cut, 2.0146, 1.5141, -1.2964, 0.008877, -0.357404, 0.926476, 0.117582
cut, 2.0110, 1.5148, -1.2990, 0.010441, -0.360055, 0.925837, 0.114356
cut, 2.0074, 1.5155, -1.3016, 0.011976, -0.362708, 0.925166, 0.111207
cut, 2.0037, 1.5161, -1.3042, 0.013480, -0.365363, 0.924465, 0.108133
cut, 2.0000, 1.5168, -1.3067, 0.014955, -0.368018, 0.923735, 0.105134
cut, 1.9963, 1.5174, -1.3092, 0.016400, -0.370675, 0.922976, 0.102211
cut, 1.9925, 1.5179, -1.3116, 0.017815, -0.373331, 0.922190, 0.099362
cut, 1.9887, 1.5185, -1.3140, 0.019200, -0.375987, 0.921377, 0.096586
cut, 1.9849, 1.5190, -1.3164, 0.020554, -0.378642, 0.920540, 0.093884
cut, 1.9811, 1.5195, -1.3187, 0.021878, -0.381296, 0.919678, 0.091254
cut, 1.9772, 1.5200, -1.3210, 0.023172, -0.383947, 0.918793, 0.088696
cut, 1.9732, 1.5205, -1.3232, 0.024436, -0.386596, 0.917886, 0.086208
cut, 1.9693, 1.5209, -1.3254, 0.025670, -0.389243, 0.916957, 0.083790
cut, 1.9653, 1.5214, -1.3276, 0.026874, -0.391886, 0.916008, 0.081442
cut, 1.9613, 1.5218, -1.3297, 0.028048, -0.394525, 0.915039, 0.079163
cut, 1.9572, 1.5222, -1.3318, 0.029192, -0.397161, 0.914051, 0.076950
cut, 1.9531, 1.5225, -1.3338, 0.030306, -0.399792, 0.913046, 0.074805
cut, 1.9490, 1.5229, -1.3359, 0.031391, -0.402418, 0.912023, 0.072726
cut, 1.9448, 1.5232, -1.3378, 0.032446, -0.405039, 0.910983, 0.070711
cut, 1.9406, 1.5235, -1.3398, 0.033472, -0.407655, 0.909928, 0.068761
cut, 1.9364, 1.5237, -1.3416, 0.034469, -0.410265, 0.908858, 0.066873
cut, 1.9321, 1.5240, -1.3435, 0.035437, -0.412869, 0.907773, 0.065048
cut, 1.9278, 1.5242, -1.3453, 0.036377, -0.415466, 0.906675, 0.063285
cut, 1.9235, 1.5244, -1.3471, 0.037288, -0.418056, 0.905564, 0.061582
cut, 1.9191, 1.5246, -1.3488, 0.038171, -0.420640, 0.904441, 0.059938
cut, 1.9147, 1.5248, -1.3505, 0.039026, -0.423216, 0.903305, 0.058352
cut, 1.9103, 1.5249, -1.3522, 0.039853, -0.425785, 0.902159, 0.056825
cut, 1.9058, 1.5250, -1.3538, 0.040652, -0.428345, 0.901001, 0.055353
cut, 1.9013, 1.5251, -1.3554, 0.041425, -0.430898, 0.899834, 0.053938
cut, 1.8968, 1.5252, -1.3569, 0.042170, -0.433442, 0.898657, 0.052577
cut, 1.8922, 1.5253, -1.3584, 0.042889, -0.435978, 0.897471, 0.051270
cut, 1.8876, 1.5253, -1.3599, 0.043582, -0.438505, 0.896277, 0.050016
cut, 1.8830, 1.5253, -1.3613, 0.044248, -0.441023, 0.895074, 0.048814
cut, 1.8783, 1.5253, -1.3627, 0.044888, -0.443532, 0.893864, 0.047663
cut, 1.8736, 1.5253, -1.3640, 0.045503, -0.446032, 0.892646, 0.046562
cut, 1.8689, 1.5252, -1.3653, 0.046093, -0.448522, 0.891422, 0.045510
cut, 1.8641, 1.5251, -1.3666, 0.046658, -0.451002, 0.890191, 0.044507
cut, 1.8593, 1.5250, -1.3678, 0.047198, -0.453472, 0.888954, 0.043551
cut, 1.8545, 1.5249, -1.3690, 0.047714, -0.455932, 0.887711, 0.042641
cut, 1.8496, 1.5248, -1.3702, 0.048205, -0.458381, 0.886463, 0.041778
cut, 1.8447, 1.5246, -1.3713, 0.048673, -0.460820, 0.885211, 0.040958
cut, 1.8398, 1.5244, -1.3724, 0.049118, -0.463249, 0.883953, 0.040183
cut, 1.8348, 1.5242, -1.3734, 0.049539, -0.465667, 0.882691, 0.039451
cut, 1.8298, 1.5240, -1.3744, 0.049938, -0.468073, 0.881426, 0.038761
cut, 1.8248, 1.5237, -1.3753, 0.050314, -0.470469, 0.880156, 0.038112
cut, 1.8197, 1.5235, -1.3763, 0.050668, -0.472853, 0.878883, 0.037504
cut, 1.8146, 1.5232, -1.3771, 0.051000, -0.475226, 0.877607, 0.036936
cut, 1.8095, 1.5229, -1.3780, 0.051310, -0.477588, 0.876329, 0.036407
cut, 1.8043, 1.5225, -1.3788, 0.051599, -0.479938, 0.875047, 0.035915
cut, 1.7991, 1.5222, -1.3795, 0.051867, -0.482276, 0.873763, 0.035461
cut, 1.7939, 1.5218, -1.3803, 0.052115, -0.484602, 0.872477, 0.035044
cut, 1.7886, 1.5214, -1.3809, 0.052342, -0.486917, 0.871189, 0.034662
cut, 1.7833, 1.5209, -1.3816, 0.052549, -0.489219, 0.869900, 0.034316
cut, 1.7779, 1.5205, -1.3822, 0.052737, -0.491510, 0.868609, 0.034003
cut, 1.7726, 1.5200, -1.3827, 0.052904, -0.493788, 0.867316, 0.033725
cut, 1.7672, 1.5195, -1.3833, 0.053053, -0.496053, 0.866023, 0.033479
cut, 1.7617, 1.5190, -1.3838, 0.053183, -0.498306, 0.864729, 0.033265
cut, 1.7562, 1.5185, -1.3842, 0.053295, -0.500547, 0.863434, 0.033083
cut, 1.7507, 1.5179, -1.3846, 0.053388, -0.502775, 0.862138, 0.032931
cut, 1.7452, 1.5174, -1.3850, 0.053463, -0.504991, 0.860842, 0.032810
cut, 1.7396, 1.5168, -1.3853, 0.053521, -0.507193, 0.859546, 0.032717
cut, 1.7340, 1.5161, -1.3856, 0.053561, -0.509383, 0.858250, 0.032654
cut, 1.7284, 1.5155, -1.3859, 0.053584, -0.511560, 0.856954, 0.032619
cut, 1.7227, 1.5148, -1.3861, 0.053591, -0.513724, 0.855659, 0.032611
cut, 1.7170, 1.5141, -1.3863, 0.053581, -0.515875, 0.854364, 0.032630
cut, 1.7112, 1.5134, -1.3864, 0.053555, -0.518013, 0.853069, 0.032675
cut, 1.7055, 1.5127, -1.3865, 0.053513, -0.520138, 0.851775, 0.032746
cut, 1.6997, 1.5119, -1.3865, 0.053455, -0.522250, 0.850482, 0.032841
cut, 1.6939, 1.5112, -1.3866, 0.053383, -0.524329, 0.849201, 0.032960
cut, 1.6939, 1.2112, -1.3866, 0.049784, -0.666509, 0.742490, 0.044689
cut, 1.6939, 1.1286, -1.3866, -0.047577, 0.705504, -0.705504, -0.047577
p2p,
cut, 2.1390, 1.6733, -0.4140, 0.000000, 1.000000, 0.000000, 0.000000
cut, 2.1390, 1.6733, -0.4740, 0.000000, 1.000000, 0.000000, 0.000000
cut, 2.1411, 1.6714, -0.4550, 0.000000, 1.000000, 0.000000, 0.000000
cut, 2.0815, 1.6714, -0.7090, 0.000000, 1.000000, 0.000000, 0.000000
cut, 2.0803, 1.6714, -0.7144, 0.000000, 1.000000, 0.000000, 0.000000
cut, 2.0789, 1.6714, -0.7199, 0.000000, 1.000000, 0.000000, 0.000000
cut, 2.0776, 1.6714, -0.7253, 0.000000, 1.000000, 0.000000, 0.000000
cut, 2.0763, 1.6714, -0.7307, 0.000000, 1.000000, 0.000000, 0.000000
cut, 2.0749, 1.6714, -0.7361, 0.000000, 1.000000, 0.000000, 0.000000
cut, 2.0735, 1.6714, -0.7414, 0.000000, 1.000000, 0.000000, 0.000000
cut, 2.0721, 1.6714, -0.7468, 0.000000, 1.000000, 0.000000, 0.000000
cut, 2.0707, 1.6714, -0.7521, 0.000000, 1.000000, 0.000000, 0.000000
cut, 2.0692, 1.6714, -0.7574, 0.000000, 1.000000, 0.000000, 0.000000
cut, 2.0678, 1.6714, -0.7626, 0.000000, 1.000000, 0.000000, 0.000000
cut, 2.0663, 1.6714, -0.7679, 0.000000, 1.000000, 0.000000, 0.000000
cut, 2.0648, 1.6714, -0.7731, 0.000000, 1.000000, 0.000000, 0.000000
cut, 2.0632, 1.6714, -0.7783, 0.000000, 1.000000, 0.000000, 0.000000
cut, 2.0617, 1.6714, -0.7835, 0.000000, 1.000000, 0.000000, 0.000000
cut, 2.0601, 1.6714, -0.7886, 0.000000, 1.000000, 0.000000, 0.000000
cut, 2.0586, 1.6714, -0.7938, 0.000000, 1.000000, 0.000000, 0.000000
cut, 2.0570, 1.6714, -0.7989, 0.000000, 1.000000, 0.000000, 0.000000
cut, 2.0553, 1.6714, -0.8040, 0.000000, 1.000000, 0.000000, 0.000000
cut, 2.0537, 1.6714, -0.8090, 0.000000, 1.000000, 0.000000, 0.000000
cut, 2.0521, 1.6714, -0.8141, 0.000000, 1.000000, 0.000000, 0.000000
cut, 2.0504, 1.6714, -0.8191, 0.000000, 1.000000, 0.000000, 0.000000
cut, 2.0487, 1.6714, -0.8241, 0.000000, 1.000000, 0.000000, 0.000000
cut, 2.0470, 1.6714, -0.8291, 0.000000, 1.000000, 0.000000, 0.000000
cut, 2.0452, 1.6714, -0.8340, 0.000000, 1.000000, 0.000000, 0.000000
cut, 2.0435, 1.6714, -0.8390, 0.000000, 1.000000, 0.000000, 0.000000
cut, 2.0417, 1.6714, -0.8439, 0.000000, 1.000000, 0.000000, 0.000000
cut, 2.0399, 1.6714, -0.8488, 0.000000, 1.000000, 0.000000, 0.000000
cut, 2.0381, 1.6714, -0.8537, 0.000000, 1.000000, 0.000000, 0.000000
cut, 2.0363, 1.6714, -0.8585, 0.000000, 1.000000, 0.000000, 0.000000
cut, 2.0344, 1.6714, -0.8633, 0.000000, 1.000000, 0.000000, 0.000000
cut, 2.0326, 1.6714, -0.8681, 0.000000, 1.000000, 0.000000, 0.000000
cut, 2.0307, 1.6714, -0.8729, 0.000000, 1.000000, 0.000000, 0.000000
cut, 2.0288, 1.6714, -0.8777, 0.000000, 1.000000, 0.000000, 0.000000
cut, 2.0269, 1.6714, -0.8824, 0.000000, 1.000000, 0.000000, 0.000000
cut, 2.0249, 1.6714, -0.8871, 0.000000, 1.000000, 0.000000, 0.000000
cut, 2.0230, 1.6714, -0.8918, 0.000000, 1.000000, 0.000000, 0.000000
cut, 2.0210, 1.6714, -0.8965, 0.000000, 1.000000, 0.000000, 0.000000
cut, 2.0190, 1.6714, -0.9011, 0.000000, 1.000000, 0.000000, 0.000000
cut, 2.0170, 1.6714, -0.9057, 0.000000, 1.000000, 0.000000, 0.000000
cut, 2.0149, 1.6714, -0.9104, 0.000000, 1.000000, 0.000000, 0.000000
cut, 2.0129, 1.6714, -0.9149, 0.000000, 1.000000, 0.000000, 0.000000
cut, 2.0108, 1.6714, -0.9195, 0.000000, 1.000000, 0.000000, 0.000000
cut, 2.0087, 1.6714, -0.9240, 0.000000, 1.000000, 0.000000, 0.000000
cut, 2.0066, 1.6714, -0.9285, 0.000000, 1.000000, 0.000000, 0.000000
cut, 2.0044, 1.6714, -0.9330, 0.000000, 1.000000, 0.000000, 0.000000
cut, 2.0023, 1.6714, -0.9375, 0.000000, 1.000000, 0.000000, 0.000000
cut, 2.0001, 1.6714, -0.9420, 0.000000, 1.000000, 0.000000, 0.000000
cut, 1.9979, 1.6714, -0.9464, 0.000000, 1.000000, 0.000000, 0.000000
cut, 1.9957, 1.6714, -0.9508, 0.000000, 1.000000, 0.000000, 0.000000
cut, 1.9935, 1.6714, -0.9552, 0.000000, 1.000000, 0.000000, 0.000000
cut, 1.9912, 1.6714, -0.9595, 0.000000, 1.000000, 0.000000, 0.000000
cut, 1.9890, 1.6714, -0.9639, 0.000000, 1.000000, 0.000000, 0.000000
cut, 1.9867, 1.6714, -0.9682, 0.000000, 1.000000, 0.000000, 0.000000
cut, 1.9844, 1.6714, -0.9725, 0.000000, 1.000000, 0.000000, 0.000000
cut, 1.9821, 1.6714, -0.9767, 0.000000, 1.000000, 0.000000, 0.000000
cut, 1.9797, 1.6714, -0.9810, 0.000000, 1.000000, 0.000000, 0.000000
cut, 1.9773, 1.6714, -0.9852, 0.000000, 1.000000, 0.000000, 0.000000
cut, 1.9750, 1.6714, -0.9894, 0.000000, 1.000000, 0.000000, 0.000000
cut, 1.9726, 1.6714, -0.9936, 0.000000, 1.000000, 0.000000, 0.000000
cut, 1.9701, 1.6714, -0.9978, 0.000000, 1.000000, 0.000000, 0.000000
cut, 1.9677, 1.6714, -1.0019, 0.000000, 1.000000, 0.000000, 0.000000
cut, 1.9652, 1.6714, -1.0060, 0.000000, 1.000000, 0.000000, 0.000000
cut, 1.9628, 1.6714, -1.0101, 0.000000, 1.000000, 0.000000, 0.000000
cut, 1.9603, 1.6714, -1.0142, 0.000000, 1.000000, 0.000000, 0.000000
cut, 1.9578, 1.6714, -1.0182, 0.000000, 1.000000, 0.000000, 0.000000
cut, 1.9552, 1.6714, -1.0223, 0.000000, 1.000000, 0.000000, 0.000000
cut, 1.9527, 1.6714, -1.0263, 0.000000, 1.000000, 0.000000, 0.000000
cut, 1.9501, 1.6714, -1.0303, 0.000000, 1.000000, 0.000000, 0.000000
cut, 1.9475, 1.6714, -1.0342, 0.000000, 1.000000, 0.000000, 0.000000
cut, 1.9449, 1.6714, -1.0382, 0.000000, 1.000000, 0.000000, 0.000000
cut, 1.9423, 1.6714, -1.0421, 0.000000, 1.000000, 0.000000, 0.000000
cut, 1.9396, 1.6714, -1.0460, 0.000000, 1.000000, 0.000000, 0.000000
cut, 1.9369, 1.6714, -1.0498, 0.000000, 1.000000, 0.000000, 0.000000
cut, 1.9343, 1.6714, -1.0537, 0.000000, 1.000000, 0.000000, 0.000000
cut, 1.9315, 1.6714, -1.0575, 0.000000, 1.000000, 0.000000, 0.000000
cut, 1.9288, 1.6714, -1.0613, 0.000000, 1.000000, 0.000000, 0.000000
cut, 1.9261, 1.6714, -1.0651, 0.000000, 1.000000, 0.000000, 0.000000
cut, 1.9233, 1.6714, -1.0689, 0.000000, 1.000000, 0.000000, 0.000000
cut, 1.9205, 1.6714, -1.0726, 0.000000, 1.000000, 0.000000, 0.000000
cut, 1.9177, 1.6714, -1.0763, 0.000000, 1.000000, 0.000000, 0.000000
cut, 1.9149, 1.6714, -1.0800, 0.000000, 1.000000, 0.000000, 0.000000
cut, 1.9121, 1.6714, -1.0837, 0.000000, 1.000000, 0.000000, 0.000000
cut, 1.9092, 1.6714, -1.0873, 0.000000, 1.000000, 0.000000, 0.000000
cut, 1.9063, 1.6714, -1.0910, 0.000000, 1.000000, 0.000000, 0.000000
cut, 1.9034, 1.6714, -1.0946, 0.000000, 1.000000, 0.000000, 0.000000
cut, 1.9005, 1.6714, -1.0982, 0.000000, 1.000000, 0.000000, 0.000000
cut, 1.8976, 1.6714, -1.1017, 0.000000, 1.000000, 0.000000, 0.000000
cut, 1.8946, 1.6714, -1.1053, 0.000000, 1.000000, 0.000000, 0.000000
cut, 1.8916, 1.6714, -1.1088, 0.000000, 1.000000, 0.000000, 0.000000
cut, 1.8887, 1.6714, -1.1123, 0.000000, 1.000000, 0.000000, 0.000000
cut, 1.8856, 1.6714, -1.1158, 0.000000, 1.000000, 0.000000, 0.000000
cut, 1.8826, 1.6714, -1.1192, 0.000000, 1.000000, 0.000000, 0.000000
cut, 1.8796, 1.6714, -1.1226, 0.000000, 1.000000, 0.000000, 0.000000
cut, 1.8765, 1.6714, -1.1260, 0.000000, 1.000000, 0.000000, 0.000000
cut, 1.8734, 1.6714, -1.1294, 0.000000, 1.000000, 0.000000, 0.000000
cut, 1.8703, 1.6714, -1.1328, 0.000000, 1.000000, 0.000000, 0.000000
cut, 1.8672, 1.6714, -1.1361, 0.000000, 1.000000, 0.000000, 0.000000
cut, 1.8640, 1.6714, -1.1395, 0.000000, 1.000000, 0.000000, 0.000000
cut, 1.8609, 1.6714, -1.1427, 0.000000, 1.000000, 0.000000, 0.000000
cut, 1.8577, 1.6714, -1.1460, 0.000000, 1.000000, 0.000000, 0.000000
cut, 1.8545, 1.6714, -1.1493, 0.000000, 1.000000, 0.000000, 0.000000
cut, 1.8512, 1.6714, -1.1525, 0.000000, 1.000000, 0.000000, 0.000000
cut, 1.8480, 1.6714, -1.1557, 0.000000, 1.000000, 0.000000, 0.000000
cut, 1.8447, 1.6714, -1.1589, 0.000000, 1.000000, 0.000000, 0.000000
cut, 1.8415, 1.6714, -1.1621, 0.000000, 1.000000, 0.000000, 0.000000
cut, 1.8382, 1.6714, -1.1652, 0.000000, 1.000000, 0.000000, 0.000000
cut, 1.8348, 1.6714, -1.1683, 0.000000, 1.000000, 0.000000, 0.000000
cut, 1.8315, 1.6714, -1.1714, 0.000000, 1.000000, 0.000000, 0.000000
cut, 1.8282, 1.6714, -1.1745, 0.000000, 1.000000, 0.000000, 0.000000
cut, 1.8248, 1.6714, -1.1776, 0.000000, 1.000000, 0.000000, 0.000000
cut, 1.8214, 1.6714, -1.1806, 0.000000, 1.000000, 0.000000, 0.000000
cut, 1.8180, 1.6714, -1.1836, 0.000000, 1.000000, 0.000000, 0.000000
cut, 1.8145, 1.6714, -1.1866, 0.000000, 1.000000, 0.000000, 0.000000
cut, 1.8111, 1.6714, -1.1895, 0.000000, 1.000000, 0.000000, 0.000000
cut, 1.8076, 1.6714, -1.1925, 0.000000, 1.000000, 0.000000, 0.000000
cut, 1.8041, 1.6714, -1.1954, 0.000000, 1.000000, 0.000000, 0.000000
cut, 1.8006, 1.6714, -1.1983, 0.000000, 1.000000, 0.000000, 0.000000
cut, 1.7971, 1.6714, -1.2012, 0.000000, 1.000000, 0.000000, 0.000000
cut, 1.7935, 1.6714, -1.2040, 0.000000, 1.000000, 0.000000, 0.000000
cut, 1.7900, 1.6714, -1.2069, 0.000000, 1.000000, 0.000000, 0.000000
cut, 1.7864, 1.6714, -1.2097, 0.000000, 1.000000, 0.000000, 0.000000
cut, 1.7828, 1.6714, -1.2125, 0.000000, 1.000000, 0.000000, 0.000000
cut, 1.7792, 1.6714, -1.2152, 0.000000, 1.000000, 0.000000, 0.000000
cut, 1.7755, 1.6714, -1.2180, 0.000000, 1.000000, 0.000000, 0.000000
cut, 1.7719, 1.6714, -1.2207, 0.000000, 1.000000, 0.000000, 0.000000
cut, 1.7682, 1.6714, -1.2234, 0.000000, 1.000000, 0.000000, 0.000000
cut, 1.7645, 1.6714, -1.2261, 0.000000, 1.000000, 0.000000, 0.000000
cut, 1.7608, 1.6714, -1.2287, 0.000000, 1.000000, 0.000000, 0.000000
cut, 1.7570, 1.6714, -1.2314, 0.000000, 1.000000, 0.000000, 0.000000
cut, 1.7533, 1.6714, -1.2340, 0.000000, 1.000000, 0.000000, 0.000000
cut, 1.7495, 1.6714, -1.2366, 0.000000, 1.000000, 0.000000, 0.000000
cut, 1.7457, 1.6714, -1.2391, 0.000000, 1.000000, 0.000000, 0.000000
cut, 1.7419, 1.6714, -1.2417, 0.000000, 1.000000, 0.000000, 0.000000
cut, 1.7380, 1.6714, -1.2442, 0.000000, 1.000000, 0.000000, 0.000000
cut, 1.7342, 1.6714, -1.2467, 0.000000, 1.000000, 0.000000, 0.000000
cut, 1.7303, 1.6714, -1.2492, 0.000000, 1.000000, 0.000000, 0.000000
cut, 1.7264, 1.6714, -1.2516, 0.000000, 1.000000, 0.000000, 0.000000
cut, 1.7225, 1.6714, -1.2541, 0.000000, 1.000000, 0.000000, 0.000000
cut, 1.7186, 1.6714, -1.2565, 0.000000, 1.000000, 0.000000, 0.000000
cut, 1.7146, 1.6714, -1.2589, 0.000000, 1.000000, 0.000000, 0.000000
cut, 1.7107, 1.6714, -1.2612, 0.000000, 1.000000, 0.000000, 0.000000
cut, 1.7067, 1.6714, -1.2636, 0.000000, 1.000000, 0.000000, 0.000000
cut, 1.7027, 1.6714, -1.2659, 0.000000, 1.000000, 0.000000, 0.000000
cut, 1.6987, 1.6714, -1.2682, 0.000000, 1.000000, 0.000000, 0.000000
cut, 1.6946, 1.6714, -1.2705, 0.000000, 1.000000, 0.000000, 0.000000
cut, 1.6905, 1.6714, -1.2727, 0.000000, 1.000000, 0.000000, 0.000000
cut, 1.6865, 1.6714, -1.2750, 0.000000, 1.000000, 0.000000, 0.000000
cut, 1.6824, 1.6714, -1.2772, 0.000000, 1.000000, 0.000000, 0.000000
cut, 1.6782, 1.6714, -1.2794, 0.000000, 1.000000, 0.000000, 0.000000
cut, 1.6741, 1.6714, -1.2815, 0.000000, 1.000000, 0.000000, 0.000000
cut, 1.6699, 1.6714, -1.2837, 0.000000, 1.000000, 0.000000, 0.000000
cut, 1.6658, 1.6714, -1.2858, 0.000000, 1.000000, 0.000000, 0.000000
cut, 1.6616, 1.6714, -1.2879, 0.000000, 1.000000, 0.000000, 0.000000
cut, 1.6574, 1.6714, -1.2900, 0.000000, 1.000000, 0.000000, 0.000000
cut, 1.6531, 1.6714, -1.2920, 0.000000, 1.000000, 0.000000, 0.000000
cut, 1.6489, 1.6714, -1.2941, 0.000000, 1.000000, 0.000000, 0.000000
cut, 1.6446, 1.6714, -1.2961, 0.000000, 1.000000, 0.000000, 0.000000
cut, 1.6403, 1.6714, -1.2981, 0.000000, 1.000000, 0.000000, 0.000000
cut, 1.6360, 1.6714, -1.3000, 0.000000, 1.000000, 0.000000, 0.000000
cut, 1.6317, 1.6714, -1.3020, 0.000000, 1.000000, 0.000000, 0.000000
cut, 1.6273, 1.6714, -1.3039, 0.000000, 1.000000, 0.000000, 0.000000
cut, 1.6229, 1.6714, -1.3058, 0.000000, 1.000000, 0.000000, 0.000000
cut, 1.6186, 1.6714, -1.3077, 0.000000, 1.000000, 0.000000, 0.000000
cut, 1.6141, 1.6714, -1.3096, 0.000000, 1.000000, 0.000000, 0.000000
cut, 1.6097, 1.6714, -1.3114, 0.000000, 1.000000, 0.000000, 0.000000
cut, 1.6053, 1.6714, -1.3132, 0.000000, 1.000000, 0.000000, 0.000000
cut, 1.6008, 1.6714, -1.3150, 0.000000, 1.000000, 0.000000, 0.000000
cut, 1.5963, 1.6714, -1.3168, 0.000000, 1.000000, 0.000000, 0.000000
cut, 1.5918, 1.6714, -1.3185, 0.000000, 1.000000, 0.000000, 0.000000
cut, 1.5873, 1.6714, -1.3202, 0.000000, 1.000000, 0.000000, 0.000000
cut, 1.5828, 1.6714, -1.3219, 0.000000, 1.000000, 0.000000, 0.000000
cut, 1.5782, 1.6714, -1.3236, 0.000000, 1.000000, 0.000000, 0.000000
cut, 1.5736, 1.6714, -1.3253, 0.000000, 1.000000, 0.000000, 0.000000
cut, 1.5690, 1.6714, -1.3269, 0.000000, 1.000000, 0.000000, 0.000000
cut, 1.5644, 1.6714, -1.3285, 0.000000, 1.000000, 0.000000, 0.000000
cut, 1.5598, 1.6714, -1.3301, 0.000000, 1.000000, 0.000000, 0.000000
cut, 1.5551, 1.6714, -1.3317, 0.000000, 1.000000, 0.000000, 0.000000
cut, 1.5505, 1.6714, -1.3332, 0.000000, 1.000000, 0.000000, 0.000000
cut, 1.5458, 1.6714, -1.3348, 0.000000, 1.000000, 0.000000, 0.000000
cut, 1.5410, 1.6714, -1.3363, 0.000000, 1.000000, 0.000000, 0.000000
cut, 1.5363, 1.6714, -1.3377, 0.000000, 1.000000, 0.000000, 0.000000
cut, 1.5316, 1.6714, -1.3392, 0.000000, 1.000000, 0.000000, 0.000000
cut, 1.5268, 1.6714, -1.3406, 0.000000, 1.000000, 0.000000, 0.000000
cut, 1.5220, 1.6714, -1.3421, 0.000000, 1.000000, 0.000000, 0.000000
cut, 1.5172, 1.6714, -1.3435, 0.000000, 1.000000, 0.000000, 0.000000
cut, 1.5124, 1.6714, -1.3448, 0.000000, 1.000000, 0.000000, 0.000000
cut, 1.5075, 1.6714, -1.3462, 0.000000, 1.000000, 0.000000, 0.000000
cut, 1.5027, 1.6714, -1.3475, 0.000000, 1.000000, 0.000000, 0.000000
cut, 1.4978, 1.6714, -1.3488, 0.000000, 1.000000, 0.000000, 0.000000
cut, 1.4929, 1.6714, -1.3501, 0.000000, 1.000000, 0.000000, 0.000000
cut, 1.4880, 1.6714, -1.3513, 0.000000, 1.000000, 0.000000, 0.000000
cut, 1.4830, 1.6714, -1.3526, 0.000000, 1.000000, 0.000000, 0.000000
cut, 1.4780, 1.6714, -1.3538, 0.000000, 1.000000, 0.000000, 0.000000
cut, 1.4731, 1.6714, -1.3550, 0.000000, 1.000000, 0.000000, 0.000000
cut, 1.4681, 1.6714, -1.3562, 0.000000, 1.000000, 0.000000, 0.000000
cut, 1.4631, 1.6714, -1.3573, 0.000000, 1.000000, 0.000000, 0.000000
cut, 1.4580, 1.6714, -1.3584, 0.000000, 1.000000, 0.000000, 0.000000
cut, 1.4530, 1.6714, -1.3595, 0.000000, 1.000000, 0.000000, 0.000000
cut, 1.4479, 1.6714, -1.3606, 0.000000, 1.000000, 0.000000, 0.000000
cut, 1.4428, 1.6714, -1.3617, 0.000000, 1.000000, 0.000000, 0.000000
cut, 1.4377, 1.6714, -1.3627, 0.000000, 1.000000, 0.000000, 0.000000
cut, 1.4325, 1.6714, -1.3637, 0.000000, 1.000000, 0.000000, 0.000000
cut, 1.4274, 1.6714, -1.3647, 0.000000, 1.000000, 0.000000, 0.000000
cut, 1.4222, 1.6714, -1.3657, 0.000000, 1.000000, 0.000000, 0.000000
cut, 1.4170, 1.6714, -1.3667, 0.000000, 1.000000, 0.000000, 0.000000
cut, 1.4118, 1.6714, -1.3676, 0.000000, 1.000000, 0.000000, 0.000000
cut, 1.4066, 1.6714, -1.3685, 0.000000, 1.000000, 0.000000, 0.000000
cut, 1.4013, 1.6714, -1.3694, 0.000000, 1.000000, 0.000000, 0.000000
cut, 1.3961, 1.6714, -1.3702, 0.000000, 1.000000, 0.000000, 0.000000
cut, 1.3908, 1.6714, -1.3711, 0.000000, 1.000000, 0.000000, 0.000000
cut, 1.3855, 1.6714, -1.3719, 0.000000, 1.000000, 0.000000, 0.000000
cut, 1.3802, 1.6714, -1.3727, 0.000000, 1.000000, 0.000000, 0.000000
cut, 1.3748, 1.6714, -1.3735, 0.000000, 1.000000, 0.000000, 0.000000
cut, 1.3695, 1.6714, -1.3742, 0.000000, 1.000000, 0.000000, 0.000000
cut, 1.3641, 1.6714, -1.3749, 0.000000, 1.000000, 0.000000, 0.000000
cut, 1.3587, 1.6714, -1.3756, 0.000000, 1.000000, 0.000000, 0.000000
cut, 1.3533, 1.6714, -1.3763, 0.000000, 1.000000, 0.000000, 0.000000
cut, 1.3478, 1.6714, -1.3770, 0.000000, 1.000000, 0.000000, 0.000000
cut, 1.3424, 1.6714, -1.3776, 0.000000, 1.000000, 0.000000, 0.000000
cut, 1.3369, 1.6714, -1.3782, 0.000000, 1.000000, 0.000000, 0.000000
cut, 1.3314, 1.6714, -1.3788, 0.000000, 1.000000, 0.000000, 0.000000
cut, 1.3259, 1.6714, -1.3794, 0.000000, 1.000000, 0.000000, 0.000000
cut, 1.3204, 1.6714, -1.3800, 0.000000, 1.000000, 0.000000, 0.000000
cut, 1.3148, 1.6714, -1.3805, 0.000000, 1.000000, 0.000000, 0.000000
cut, 1.3092, 1.6714, -1.3810, 0.000000, 1.000000, 0.000000, 0.000000
cut, 1.3036, 1.6714, -1.3815, 0.000000, 1.000000, 0.000000, 0.000000
cut, 1.2980, 1.6714, -1.3820, 0.000000, 1.000000, 0.000000, 0.000000
cut, 1.2924, 1.6714, -1.3824, 0.000000, 1.000000, 0.000000, 0.000000
cut, 1.2867, 1.6714, -1.3828, 0.000000, 1.000000, 0.000000, 0.000000
cut, 1.2811, 1.6714, -1.3832, 0.000000, 1.000000, 0.000000, 0.000000
cut, 1.2754, 1.6714, -1.3836, 0.000000, 1.000000, 0.000000, 0.000000
cut, 1.2697, 1.6714, -1.3839, 0.000000, 1.000000, 0.000000, 0.000000
cut, 1.2640, 1.6714, -1.3843, 0.000000, 1.000000, 0.000000, 0.000000
cut, 1.2582, 1.6714, -1.3846, 0.000000, 1.000000, 0.000000, 0.000000
cut, 1.2525, 1.6714, -1.3849, 0.000000, 1.000000, 0.000000, 0.000000
cut, 1.2467, 1.6714, -1.3851, 0.000000, 1.000000, 0.000000, 0.000000
cut, 1.2409, 1.6714, -1.3854, 0.000000, 1.000000, 0.000000, 0.000000
cut, 1.2351, 1.6714, -1.3856, 0.000000, 1.000000, 0.000000, 0.000000
cut, 1.2292, 1.6714, -1.3858, 0.000000, 1.000000, 0.000000, 0.000000
cut, 1.2234, 1.6714, -1.3860, 0.000000, 1.000000, 0.000000, 0.000000
cut, 1.2175, 1.6714, -1.3861, 0.000000, 1.000000, 0.000000, 0.000000
cut, 1.2116, 1.6714, -1.3862, 0.000000, 1.000000, 0.000000, 0.000000
cut, 1.2057, 1.6714, -1.3863, 0.000000, 1.000000, 0.000000, 0.000000
cut, 1.1997, 1.6714, -1.3864, 0.000000, 1.000000, 0.000000, 0.000000
cut, 1.1938, 1.6714, -1.3865, 0.000000, 1.000000, 0.000000, 0.000000
cut, 1.1878, 1.6714, -1.3865, 0.000000, 1.000000, 0.000000, 0.000000
cut, 1.1818, 1.6714, -1.3866, 0.000000, 1.000000, 0.000000, 0.000000
cut, 1.1794, 1.6714, -1.3866, 0.000000, 1.000000, 0.000000, 0.000000
cut, 1.1695, 1.6714, -1.3866, 0.000000, 1.000000, 0.000000, 0.000000
cut, 1.1794, 1.6714, -1.3766, 0.000000, 1.000000, 0.000000, 0.000000
cut, 1.1794, 1.6714, -1.4840, 0.000000, 1.000000, 0.000000, 0.000000
cut, 1.1894, 1.6714, -1.4740, 0.000000, 1.000000, 0.000000, 0.000000
cut, 1.1094, 1.6714, -1.4740, 0.000000, 1.000000, 0.000000, 0.000000
p2p,
cut, 1.7698, 1.8586, -0.4140, 0.000000, 0.707107, 0.707107, 0.000000
cut, 1.7698, 1.8586, -1.4740, 0.000000, 0.707107, 0.707107, 0.000000
cut, 1.7698, 1.8686, -1.4640, 0.000000, 0.707107, 0.707107, 0.000000
cut, 1.7698, 1.1986, -1.4640, 0.000000, 0.707107, 0.707107, 0.000000
cut, 1.7698, 1.2086, -1.4740, 0.000000, 0.707107, 0.707107, 0.000000
cut, 1.7698, 1.2086, -0.4140, 0.000000, 0.707107, 0.707107, 0.000000
p2p,
cut, 1.1198, 1.5336, -0.4640, 0.000000, 0.000000, 1.000000, 0.000000
cut, 2.3798, 1.5336, -0.4640, 0.000000, 0.000000, 1.000000, 0.000000
cut, 2.3698, 1.5336, -0.4540, 0.000000, 0.000000, 1.000000, 0.000000
cut, 2.3698, 1.5336, -1.4840, 0.000000, 0.000000, 1.000000, 0.000000
cut, 2.3598, 1.5336, -1.4740, 0.000000, 0.000000, 1.000000, 0.000000
cut, 2.4498, 1.5336, -1.4740, 0.000000, 0.000000, 1.000000, 0.000000
p2p,
cut, 1.7386, 1.4888, -0.3866, 0.000000, -0.525364, 0.850877, 0.000000
cut, 1.7386, 1.4888, -1.4840, 0.000000, -0.525364, 0.850877, 0.000000
cut, 1.7430, 1.4977, -1.4740, 0.000000, -0.525364, 0.850877, 0.000000
cut, 1.4698, 0.9524, -1.4740, 0.000000, -0.525364, 0.850877, 0.000000
