bbox, -754.0833, 1456.7267, -1744.6004, 1510.2125, 587.9106, 1006.8083
cut, 0.8956, 2.6512, -0.3199, 0.000000, -0.613442, 0.789739, 0.000000
cut, 0.8956, 2.6498, -0.3247, 0.005467, -0.613418, 0.789708, -0.007038
cut, 0.8956, 2.6485, -0.3295, 0.010929, -0.613345, 0.789614, -0.014070
cut, 0.8956, 2.6472, -0.3343, 0.016384, -0.613224, 0.789458, -0.021092
cut, 0.8956, 2.6458, -0.3392, 0.021827, -0.613054, 0.789239, -0.028100
cut, 0.8956, 2.6445, -0.3440, 0.027255, -0.612837, 0.788960, -0.035088
cut, 0.8956, 2.6431, -0.3488, 0.032663, -0.612572, 0.788619, -0.042050
cut, 0.8956, 2.6418, -0.3536, 0.038049, -0.612261, 0.788219, -0.048984
cut, 0.8956, 2.6405, -0.3584, 0.043408, -0.611905, 0.787760, -0.055883
cut, 0.8956, 2.6391, -0.3632, 0.048737, -0.611503, 0.787243, -0.062744
cut, 0.8956, 2.6378, -0.3681, 0.054033, -0.611058, 0.786670, -0.069562
cut, 0.8956, 2.6364, -0.3729, 0.059293, -0.610570, 0.786042, -0.076333
cut, 0.8956, 2.6351, -0.3777, 0.064512, -0.610041, 0.785360, -0.083053
cut, 0.8956, 2.6338, -0.3825, 0.069690, -0.609471, 0.784627, -0.089718
cut, 0.8956, 2.6324, -0.3873, 0.074822, -0.608862, 0.783843, -0.096324
cut, 0.8956, 2.6311, -0.3921, 0.079905, -0.608216, 0.783011, -0.102869
cut, 0.8956, 2.6297, -0.3970, 0.084939, -0.607534, 0.782132, -0.109349
cut, 0.8956, 2.6284, -0.4018, 0.089919, -0.606816, 0.781209, -0.115761
cut, 0.8956, 2.6271, -0.4066, 0.094845, -0.606066, 0.780243, -0.122102
cut, 0.8956, 2.6257, -0.4114, 0.099713, -0.605284, 0.779237, -0.128369
cut, 0.8956, 2.6244, -0.4162, 0.104523, -0.604472, 0.778191, -0.134561
cut, 0.8956, 2.6230, -0.4210, 0.109272, -0.603632, 0.777109, -0.140676
cut, 0.8956, 2.6217, -0.4259, 0.113959, -0.602764, 0.775993, -0.146710
cut, 0.8956, 2.6204, -0.4307, 0.118584, -0.601872, 0.774843, -0.152663
cut, 0.8956, 2.6190, -0.4355, 0.123144, -0.600955, 0.773664, -0.158534
cut, 0.8956, 2.6177, -0.4403, 0.127638, -0.600017, 0.772455, -0.164320
cut, 0.8956, 2.6163, -0.4451, 0.132066, -0.599058, 0.771221, -0.170021
cut, 0.8956, 2.6150, -0.4499, 0.136428, -0.598079, 0.769961, -0.175636
cut, 0.8956, 2.6137, -0.4548, 0.140722, -0.597084, 0.768679, -0.181164
cut, 0.8956, 2.6123, -0.4596, 0.144948, -0.596072, 0.767377, -0.186605
cut, 0.8956, 2.6110, -0.4644, 0.149106, -0.595045, 0.766055, -0.191958
cut, 0.8956, 2.6096, -0.4692, 0.153196, -0.594006, 0.764717, -0.197223
cut, 0.8956, 2.6083, -0.4740, 0.157218, -0.592954, 0.763363, -0.202400
cut, 0.8956, 2.6070, -0.4789, 0.161171, -0.591892, 0.761995, -0.207490
cut, 0.8956, 2.6056, -0.4837, 0.165056, -0.590820, 0.760615, -0.212491
cut, 0.8956, 2.6043, -0.4885, 0.168873, -0.589740, 0.759225, -0.217406
cut, 0.8956, 2.6029, -0.4933, 0.172623, -0.588653, 0.757826, -0.222233
cut, 0.8956, 2.6016, -0.4981, 0.176305, -0.587561, 0.756420, -0.226974
cut, 0.8956, 2.6003, -0.5029, 0.179922, -0.586464, 0.755008, -0.231629
cut, 0.8956, 2.5989, -0.5078, 0.183472, -0.585363, 0.753590, -0.236199
cut, 0.8956, 2.5976, -0.5126, 0.186956, -0.584259, 0.752169, -0.240686
cut, 0.8956, 2.5962, -0.5174, 0.190376, -0.583154, 0.750746, -0.245088
cut, 0.8956, 2.5949, -0.5222, 0.193732, -0.582048, 0.749322, -0.249409
cut, 0.8956, 2.5936, -0.5270, 0.197025, -0.580941, 0.747898, -0.253648
cut, 0.8956, 2.5922, -0.5318, 0.200255, -0.579836, 0.746474, -0.257807
cut, 0.8956, 2.5909, -0.5367, 0.203424, -0.578731, 0.745053, -0.261887
cut, 0.8956, 2.5895, -0.5415, 0.206533, -0.577629, 0.743634, -0.265888
cut, 0.8956, 2.5882, -0.5463, 0.209582, -0.576530, 0.742219, -0.269813
cut, 0.8956, 2.5869, -0.5511, 0.212572, -0.575435, 0.740808, -0.273663
cut, 0.8956, 2.5855, -0.5559, 0.215504, -0.574343, 0.739403, -0.277437
cut, 0.8956, 2.5842, -0.5607, 0.218379, -0.573256, 0.738003, -0.281139
cut, 0.8956, 2.5828, -0.5656, 0.221199, -0.572174, 0.736610, -0.284769
cut, 0.8956, 2.5815, -0.5704, 0.223964, -0.571097, 0.735224, -0.288329
cut, 0.8956, 2.5801, -0.5752, 0.226675, -0.570026, 0.733846, -0.291819
cut, 0.8956, 2.5788, -0.5800, 0.229333, -0.568962, 0.732476, -0.295241
cut, 0.8956, 2.5775, -0.5848, 0.231939, -0.567905, 0.731115, -0.298597
cut, 0.8956, 2.5761, -0.5896, 0.234495, -0.566854, 0.729762, -0.301887
cut, 0.8956, 2.5748, -0.5945, 0.237001, -0.565811, 0.728419, -0.305113
cut, 0.8956, 2.5734, -0.5993, 0.239458, -0.564776, 0.727086, -0.308276
cut, 0.8956, 2.5721, -0.6041, 0.241867, -0.563748, 0.725763, -0.311378
cut, 0.8956, 2.5708, -0.6089, 0.244230, -0.562728, 0.724451, -0.314419
cut, 0.8956, 2.5694, -0.6137, 0.246547, -0.561717, 0.723149, -0.317402
cut, 0.8956, 2.5681, -0.6185, 0.248818, -0.560715, 0.721858, -0.320326
cut, 0.8956, 2.5667, -0.6234, 0.251046, -0.559721, 0.720579, -0.323194
cut, 0.8956, 2.5654, -0.6282, 0.253231, -0.558736, 0.719311, -0.326007
cut, 0.8956, 2.5641, -0.6330, 0.255374, -0.557759, 0.718054, -0.328766
cut, 0.8956, 2.5627, -0.6378, 0.257476, -0.556792, 0.716809, -0.331472
cut, 0.8956, 2.5614, -0.6426, 0.259537, -0.555834, 0.715576, -0.334126
cut, 0.8956, 2.5600, -0.6474, 0.261560, -0.554886, 0.714354, -0.336729
cut, 0.8956, 2.5587, -0.6523, 0.263544, -0.553946, 0.713145, -0.339283
cut, 0.8956, 2.5579, -0.6550, 0.264667, -0.553410, 0.712455, -0.340730
cut, 0.8956, 2.3680, -0.6550, 0.264667, -0.553410, 0.712455, -0.340730
cut, 0.8907, 2.3667, -0.6550, 0.263961, -0.553747, 0.712889, -0.339821
cut, 0.8859, 2.3655, -0.6550, 0.263250, -0.554086, 0.713324, -0.338906
cut, 0.8810, 2.3643, -0.6550, 0.262535, -0.554425, 0.713761, -0.337984
cut, 0.8762, 2.3630, -0.6550, 0.261814, -0.554766, 0.714200, -0.337056
cut, 0.8713, 2.3618, -0.6550, 0.261088, -0.555108, 0.714640, -0.336122
cut, 0.8665, 2.3606, -0.6550, 0.260357, -0.555451, 0.715082, -0.335181
cut, 0.8617, 2.3593, -0.6550, 0.259621, -0.555795, 0.715525, -0.334234
cut, 0.8568, 2.3581, -0.6550, 0.258880, -0.556141, 0.715970, -0.333280
cut, 0.8520, 2.3568, -0.6550, 0.258134, -0.556488, 0.716416, -0.332319
cut, 0.8471, 2.3556, -0.6550, 0.257382, -0.556836, 0.716864, -0.331352
cut, 0.8423, 2.3544, -0.6550, 0.256626, -0.557185, 0.717314, -0.330377
cut, 0.8374, 2.3531, -0.6549, 0.255864, -0.557535, 0.717765, -0.329396
cut, 0.8326, 2.3519, -0.6549, 0.255096, -0.557887, 0.718218, -0.328408
cut, 0.8277, 2.3507, -0.6549, 0.254323, -0.558239, 0.718672, -0.327413
cut, 0.8229, 2.3494, -0.6549, 0.253545, -0.558593, 0.719127, -0.326411
cut, 0.8181, 2.3482, -0.6549, 0.252761, -0.558948, 0.719584, -0.325402
cut, 0.8132, 2.3469, -0.6549, 0.251972, -0.559305, 0.720043, -0.324386
cut, 0.8084, 2.3457, -0.6549, 0.251177, -0.559662, 0.720503, -0.323363
cut, 0.8035, 2.3445, -0.6549, 0.250376, -0.560021, 0.720965, -0.322332
cut, 0.7987, 2.3432, -0.6549, 0.249570, -0.560380, 0.721428, -0.321294
cut, 0.7938, 2.3420, -0.6549, 0.248758, -0.560741, 0.721893, -0.320249
cut, 0.7890, 2.3408, -0.6549, 0.247941, -0.561103, 0.722359, -0.319196
cut, 0.7841, 2.3395, -0.6549, 0.247117, -0.561467, 0.722826, -0.318136
cut, 0.7793, 2.3383, -0.6549, 0.246288, -0.561831, 0.723295, -0.317069
cut, 0.7745, 2.3371, -0.6549, 0.245453, -0.562196, 0.723766, -0.315993
cut, 0.7696, 2.3358, -0.6548, 0.244612, -0.562563, 0.724237, -0.314910
cut, 0.7648, 2.3346, -0.6548, 0.243764, -0.562930, 0.724711, -0.313820
cut, 0.7599, 2.3333, -0.6548, 0.242911, -0.563299, 0.725185, -0.312722
cut, 0.7551, 2.3321, -0.6548, 0.242052, -0.563669, 0.725661, -0.311615
cut, 0.7502, 2.3309, -0.6548, 0.241187, -0.564039, 0.726139, -0.310501
cut, 0.7454, 2.3296, -0.6548, 0.240315, -0.564411, 0.726617, -0.309379
cut, 0.7405, 2.3284, -0.6548, 0.239437, -0.564784, 0.727098, -0.308249
cut, 0.7357, 2.3272, -0.6548, 0.238553, -0.565158, 0.727579, -0.307111
cut, 0.7309, 2.3259, -0.6548, 0.237663, -0.565533, 0.728062, -0.305965
cut, 0.7260, 2.3247, -0.6548, 0.236766, -0.565909, 0.728546, -0.304811
cut, 0.7212, 2.3234, -0.6548, 0.235863, -0.566286, 0.729031, -0.303648
cut, 0.7163, 2.3222, -0.6548, 0.234954, -0.566664, 0.729518, -0.302477
cut, 0.7115, 2.3210, -0.6548, 0.234038, -0.567043, 0.730005, -0.301298
cut, 0.7066, 2.3197, -0.6548, 0.233115, -0.567423, 0.730495, -0.300110
cut, 0.7018, 2.3185, -0.6547, 0.232186, -0.567804, 0.730985, -0.298914
cut, 0.6969, 2.3173, -0.6547, 0.231250, -0.568186, 0.731476, -0.297709
cut, 0.6921, 2.3160, -0.6547, 0.230308, -0.568568, 0.731969, -0.296496
cut, 0.6873, 2.3148, -0.6547, 0.229359, -0.568952, 0.732463, -0.295274
cut, 0.6824, 2.3136, -0.6547, 0.228403, -0.569336, 0.732958, -0.294043
cut, 0.6776, 2.3123, -0.6547, 0.227440, -0.569722, 0.733454, -0.292804
cut, 0.6727, 2.3111, -0.6547, 0.226470, -0.570108, 0.733951, -0.291555
cut, 0.6679, 2.3098, -0.6547, 0.225493, -0.570495, 0.734449, -0.290298
cut, 0.6630, 2.3086, -0.6547, 0.224510, -0.570883, 0.734948, -0.289031
cut, 0.6582, 2.3074, -0.6547, 0.223519, -0.571271, 0.735449, -0.287756
cut, 0.6533, 2.3061, -0.6547, 0.222521, -0.571661, 0.735950, -0.286472
cut, 0.6485, 2.3049, -0.6547, 0.221516, -0.572051, 0.736452, -0.285178
cut, 0.6437, 2.3037, -0.6547, 0.220504, -0.572442, 0.736955, -0.283875
cut, 0.6388, 2.3024, -0.6547, 0.219485, -0.572833, 0.737460, -0.282563
cut, 0.6340, 2.3012, -0.6546, 0.218459, -0.573225, 0.737965, -0.281242
cut, 0.6291, 2.2999, -0.6546, 0.217425, -0.573618, 0.738470, -0.279911
cut, 0.6243, 2.2987, -0.6546, 0.216384, -0.574012, 0.738977, -0.278570
cut, 0.6194, 2.2975, -0.6546, 0.215335, -0.574406, 0.739484, -0.277220
cut, 0.6146, 2.2962, -0.6546, 0.214279, -0.574801, 0.739993, -0.275861
cut, 0.6097, 2.2950, -0.6546, 0.213216, -0.575196, 0.740502, -0.274492
cut, 0.6049, 2.2938, -0.6546, 0.212145, -0.575592, 0.741011, -0.273113
cut, 0.6001, 2.2925, -0.6546, 0.211066, -0.575988, 0.741522, -0.271724
cut, 0.5952, 2.2913, -0.6546, 0.209980, -0.576385, 0.742033, -0.270326
cut, 0.5904, 2.2901, -0.6546, 0.208886, -0.576783, 0.742544, -0.268917
cut, 0.5855, 2.2888, -0.6546, 0.207784, -0.577181, 0.743056, -0.267499
cut, 0.5807, 2.2876, -0.6546, 0.206675, -0.577579, 0.743569, -0.266071
cut, 0.5758, 2.2863, -0.6546, 0.205557, -0.577977, 0.744082, -0.264633
cut, 0.5710, 2.2851, -0.6546, 0.204432, -0.578376, 0.744596, -0.263184
cut, 0.5661, 2.2839, -0.6545, 0.203299, -0.578775, 0.745110, -0.261725
cut, 0.5613, 2.2826, -0.6545, 0.202158, -0.579175, 0.745624, -0.260257
cut, 0.5564, 2.2814, -0.6545, 0.201009, -0.579575, 0.746139, -0.258777
cut, 0.5516, 2.2802, -0.6545, 0.199852, -0.579975, 0.746653, -0.257288
cut, 0.5468, 2.2789, -0.6545, 0.198687, -0.580375, 0.747169, -0.255788
cut, 0.5419, 2.2777, -0.6545, 0.197514, -0.580775, 0.747684, -0.254278
cut, 0.5371, 2.2764, -0.6545, 0.196333, -0.581176, 0.748199, -0.252757
cut, 0.5322, 2.2752, -0.6545, 0.195143, -0.581576, 0.748715, -0.251226
cut, 0.5274, 2.2740, -0.6545, 0.193946, -0.581977, 0.749231, -0.249684
cut, 0.5225, 2.2727, -0.6545, 0.192740, -0.582377, 0.749746, -0.248131
cut, 0.5177, 2.2715, -0.6545, 0.191525, -0.582778, 0.750262, -0.246568
cut, 0.5128, 2.2703, -0.6545, 0.190303, -0.583178, 0.750777, -0.244994
cut, 0.5080, 2.2690, -0.6545, 0.189072, -0.583578, 0.751293, -0.243409
cut, 0.5032, 2.2678, -0.6544, 0.187832, -0.583978, 0.751808, -0.241813
cut, 0.4983, 2.2666, -0.6544, 0.186584, -0.584378, 0.752323, -0.240207
cut, 0.4935, 2.2653, -0.6544, 0.185328, -0.584778, 0.752837, -0.238589
cut, 0.4886, 2.2641, -0.6544, 0.184063, -0.585177, 0.753351, -0.236961
cut, 0.4838, 2.2628, -0.6544, 0.182789, -0.585576, 0.753865, -0.235321
cut, 0.4789, 2.2616, -0.6544, 0.181507, -0.585975, 0.754378, -0.233671
cut, 0.4741, 2.2604, -0.6544, 0.180217, -0.586373, 0.754891, -0.232009
cut, 0.4692, 2.2591, -0.6544, 0.178917, -0.586771, 0.755403, -0.230336
cut, 0.4644, 2.2579, -0.6544, 0.177609, -0.587168, 0.755914, -0.228653
cut, 0.4596, 2.2567, -0.6544, 0.176293, -0.587565, 0.756425, -0.226957
cut, 0.4547, 2.2554, -0.6544, 0.174967, -0.587961, 0.756935, -0.225251
cut, 0.4499, 2.2542, -0.6544, 0.173633, -0.588356, 0.757444, -0.223534
cut, 0.4450, 2.2529, -0.6544, 0.172290, -0.588751, 0.757952, -0.221805
cut, 0.4402, 2.2517, -0.6544, 0.170938, -0.589145, 0.758459, -0.220064
cut, 0.4353, 2.2505, -0.6543, 0.169578, -0.589538, 0.758965, -0.218313
cut, 0.4305, 2.2492, -0.6543, 0.168208, -0.589930, 0.759470, -0.216550
cut, 0.4256, 2.2480, -0.6543, 0.166830, -0.590321, 0.759974, -0.214776
cut, 0.4208, 2.2468, -0.6543, 0.165443, -0.590712, 0.760476, -0.212990
cut, 0.4160, 2.2455, -0.6543, 0.164047, -0.591101, 0.760977, -0.211193
cut, 0.4111, 2.2443, -0.6543, 0.162642, -0.591489, 0.761477, -0.209384
cut, 0.4063, 2.2430, -0.6543, 0.161228, -0.591876, 0.761975, -0.207564
cut, 0.4014, 2.2418, -0.6543, 0.159806, -0.592262, 0.762471, -0.205732
cut, 0.3966, 2.2406, -0.6543, 0.158374, -0.592646, 0.762966, -0.203889
cut, 0.3917, 2.2393, -0.6543, 0.156933, -0.593029, 0.763460, -0.202034
cut, 0.3869, 2.2381, -0.6543, 0.155484, -0.593411, 0.763951, -0.200168
cut, 0.3820, 2.2369, -0.6543, 0.154025, -0.593791, 0.764441, -0.198290
cut, 0.3772, 2.2356, -0.6543, 0.152558, -0.594170, 0.764928, -0.196401
cut, 0.3724, 2.2344, -0.6543, 0.151081, -0.594547, 0.765414, -0.194500
cut, 0.3675, 2.2332, -0.6542, 0.149596, -0.594922, 0.765897, -0.192588
cut, 0.3627, 2.2319, -0.6542, 0.148101, -0.595296, 0.766378, -0.190664
cut, 0.3578, 2.2307, -0.6542, 0.146598, -0.595668, 0.766857, -0.188729
cut, 0.3530, 2.2294, -0.6542, 0.145086, -0.596038, 0.767334, -0.186782
cut, 0.3481, 2.2282, -0.6542, 0.143565, -0.596407, 0.767808, -0.184824
cut, 0.3433, 2.2270, -0.6542, 0.142035, -0.596773, 0.768279, -0.182854
cut, 0.3384, 2.2257, -0.6542, 0.140496, -0.597137, 0.768748, -0.180873
cut, 0.3336, 2.2245, -0.6542, 0.138948, -0.597499, 0.769214, -0.178880
cut, 0.3288, 2.2233, -0.6542, 0.137391, -0.597859, 0.769677, -0.176876
cut, 0.3239, 2.2220, -0.6542, 0.135826, -0.598217, 0.770138, -0.174860
cut, 0.3191, 2.2208, -0.6542, 0.134251, -0.598572, 0.770595, -0.172834
cut, 0.3142, 2.2195, -0.6542, 0.132668, -0.598925, 0.771050, -0.170795
cut, 0.3094, 2.2183, -0.6542, 0.131076, -0.599275, 0.771501, -0.168746
cut, 0.3045, 2.2171, -0.6542, 0.129475, -0.599623, 0.771949, -0.166685
cut, 0.2997, 2.2158, -0.6541, 0.127866, -0.599968, 0.772393, -0.164613
cut, 0.2948, 2.2146, -0.6541, 0.126248, -0.600311, 0.772834, -0.162530
cut, 0.2900, 2.2134, -0.6541, 0.124621, -0.600651, 0.773271, -0.160436
cut, 0.2852, 2.2121, -0.6541, 0.122986, -0.600988, 0.773705, -0.158330
cut, 0.2803, 2.2109, -0.6541, 0.121342, -0.601322, 0.774135, -0.156214
cut, 0.2755, 2.2097, -0.6541, 0.119689, -0.601653, 0.774562, -0.154087
cut, 0.2706, 2.2084, -0.6541, 0.118028, -0.601981, 0.774984, -0.151948
cut, 0.2658, 2.2072, -0.6541, 0.116359, -0.602306, 0.775402, -0.149799
cut, 0.2609, 2.2059, -0.6541, 0.114681, -0.602627, 0.775816, -0.147640
cut, 0.2561, 2.2047, -0.6541, 0.112995, -0.602946, 0.776226, -0.145469
cut, 0.2512, 2.2035, -0.6541, 0.111301, -0.603261, 0.776632, -0.143288
cut, 0.2464, 2.2022, -0.6541, 0.109599, -0.603572, 0.777033, -0.141096
cut, 0.2416, 2.2010, -0.6541, 0.107888, -0.603881, 0.777430, -0.138894
cut, 0.2367, 2.1998, -0.6541, 0.106169, -0.604185, 0.777822, -0.136682
cut, 0.2319, 2.1985, -0.6540, 0.104443, -0.604486, 0.778209, -0.134459
cut, 0.2270, 2.1973, -0.6540, 0.102708, -0.604783, 0.778592, -0.132226
cut, 0.2222, 2.1960, -0.6540, 0.100966, -0.605076, 0.778969, -0.129983
cut, 0.2173, 2.1948, -0.6540, 0.099216, -0.605366, 0.779342, -0.127730
cut, 0.2125, 2.1936, -0.6540, 0.097458, -0.605651, 0.779709, -0.125467
cut, 0.2076, 2.1923, -0.6540, 0.095693, -0.605933, 0.780072, -0.123194
cut, 0.2028, 2.1911, -0.6540, 0.093920, -0.606210, 0.780429, -0.120912
cut, 0.1979, 2.1899, -0.6540, 0.092140, -0.606483, 0.780780, -0.118620
cut, 0.1931, 2.1886, -0.6540, 0.090352, -0.606752, 0.781126, -0.116318
cut, 0.1883, 2.1874, -0.6540, 0.088557, -0.607017, 0.781467, -0.114007
cut, 0.1834, 2.1862, -0.6540, 0.086755, -0.607277, 0.781802, -0.111688
cut, 0.1786, 2.1849, -0.6540, 0.084946, -0.607533, 0.782131, -0.109359
cut, 0.1737, 2.1837, -0.6540, 0.083130, -0.607784, 0.782454, -0.107021
cut, 0.1689, 2.1824, -0.6540, 0.081307, -0.608030, 0.782772, -0.104674
cut, 0.1640, 2.1812, -0.6539, 0.079478, -0.608272, 0.783083, -0.102319
cut, 0.1592, 2.1800, -0.6539, 0.077642, -0.608509, 0.783388, -0.099955
cut, 0.1543, 2.1787, -0.6539, 0.075799, -0.608741, 0.783687, -0.097583
cut, 0.1495, 2.1775, -0.6539, 0.073950, -0.608969, 0.783980, -0.095203
cut, 0.1447, 2.1763, -0.6539, 0.072095, -0.609191, 0.784266, -0.092815
cut, 0.1398, 2.1750, -0.6539, 0.070234, -0.609409, 0.784546, -0.090418
cut, 0.1350, 2.1738, -0.6539, 0.068367, -0.609621, 0.784820, -0.088015
cut, 0.1301, 2.1725, -0.6539, 0.066494, -0.609828, 0.785086, -0.085603
cut, 0.1253, 2.1713, -0.6539, 0.064615, -0.610030, 0.785346, -0.083184
cut, 0.1204, 2.1701, -0.6539, 0.062730, -0.610227, 0.785599, -0.080758
cut, 0.1156, 2.1688, -0.6539, 0.060841, -0.610418, 0.785846, -0.078325
cut, 0.1107, 2.1676, -0.6539, 0.058945, -0.610604, 0.786085, -0.075886
cut, 0.1059, 2.1664, -0.6539, 0.057045, -0.610784, 0.786317, -0.073439
cut, 0.1011, 2.1651, -0.6539, 0.055140, -0.610959, 0.786543, -0.070986
cut, 0.0962, 2.1639, -0.6538, 0.053229, -0.611129, 0.786761, -0.068527
cut, 0.0914, 2.1627, -0.6538, 0.051314, -0.611292, 0.786972, -0.066062
cut, 0.0865, 2.1614, -0.6538, 0.049395, -0.611451, 0.787175, -0.063590
cut, 0.0817, 2.1602, -0.6538, 0.047471, -0.611603, 0.787371, -0.061114
cut, 0.0768, 2.1589, -0.6538, 0.045543, -0.611749, 0.787560, -0.058631
cut, 0.0720, 2.1577, -0.6538, 0.043610, -0.611890, 0.787741, -0.056144
cut, 0.0671, 2.1565, -0.6538, 0.041674, -0.612025, 0.787915, -0.053651
cut, 0.0623, 2.1552, -0.6538, 0.039734, -0.612154, 0.788081, -0.051153
cut, 0.0575, 2.1540, -0.6538, 0.037791, -0.612277, 0.788239, -0.048651
cut, 0.0526, 2.1528, -0.6538, 0.035843, -0.612394, 0.788390, -0.046144
cut, 0.0478, 2.1515, -0.6538, 0.033893, -0.612505, 0.788533, -0.043634
cut, 0.0429, 2.1503, -0.6538, 0.031940, -0.612610, 0.788668, -0.041119
cut, 0.0381, 2.1490, -0.6538, 0.029983, -0.612709, 0.788796, -0.038600
cut, 0.0332, 2.1478, -0.6538, 0.028024, -0.612802, 0.788915, -0.036078
cut, 0.0284, 2.1466, -0.6537, 0.026062, -0.612889, 0.789026, -0.033552
cut, 0.0235, 2.1453, -0.6537, 0.024098, -0.612969, 0.789130, -0.031024
cut, 0.0187, 2.1441, -0.6537, 0.022132, -0.613043, 0.789225, -0.028492
cut, 0.0139, 2.1429, -0.6537, 0.020163, -0.613111, 0.789313, -0.025958
cut, 0.0090, 2.1416, -0.6537, 0.018193, -0.613173, 0.789392, -0.023421
cut, 0.0042, 2.1404, -0.6537, 0.016221, -0.613228, 0.789463, -0.020883
cut, -0.0007, 2.1392, -0.6537, 0.014247, -0.613277, 0.789526, -0.018342
cut, -0.0055, 2.1379, -0.6537, 0.012273, -0.613320, 0.789581, -0.015800
cut, -0.0104, 2.1367, -0.6537, 0.010297, -0.613356, 0.789628, -0.013256
cut, -0.0152, 2.1354, -0.6537, 0.008320, -0.613386, 0.789667, -0.010711
cut, -0.0201, 2.1342, -0.6537, 0.006342, -0.613410, 0.789697, -0.008165
cut, -0.0249, 2.1330, -0.6537, 0.004364, -0.613427, 0.789719, -0.005618
cut, -0.0297, 2.1317, -0.6537, 0.002385, -0.613438, 0.789733, -0.003070
cut, -0.0346, 2.1305, -0.6537, 0.000406, -0.613442, 0.789739, -0.000523
cut, -0.0394, 2.1293, -0.6536, -0.001573, -0.613440, 0.789737, 0.002025
cut, -0.0443, 2.1280, -0.6536, -0.003552, -0.613432, 0.789726, 0.004573
cut, -0.0491, 2.1268, -0.6536, -0.005530, -0.613417, 0.789707, 0.007120
cut, -0.0540, 2.1255, -0.6536, -0.007508, -0.613396, 0.789680, 0.009666
cut, -0.0588, 2.1243, -0.6536, -0.009486, -0.613369, 0.789645, 0.012212
cut, -0.0637, 2.1231, -0.6536, -0.011462, -0.613335, 0.789602, 0.014756
cut, -0.0685, 2.1218, -0.6536, -0.013438, -0.613295, 0.789550, 0.017299
cut, -0.0733, 2.1206, -0.6536, -0.015412, -0.613249, 0.789490, 0.019841
cut, -0.0782, 2.1194, -0.6536, -0.017384, -0.613196, 0.789422, 0.022380
cut, -0.0830, 2.1181, -0.6536, -0.019355, -0.613137, 0.789346, 0.024918
cut, -0.0879, 2.1169, -0.6536, -0.021325, -0.613072, 0.789262, 0.027453
cut, -0.0927, 2.1157, -0.6536, -0.023292, -0.613000, 0.789170, 0.029986
cut, -0.0976, 2.1144, -0.6536, -0.025257, -0.612922, 0.789070, 0.032515
cut, -0.1024, 2.1132, -0.6535, -0.027220, -0.612838, 0.788962, 0.035042
cut, -0.1073, 2.1119, -0.6535, -0.029180, -0.612748, 0.788845, 0.037566
cut, -0.1121, 2.1107, -0.6535, -0.031137, -0.612652, 0.788721, 0.040086
cut, -0.1169, 2.1095, -0.6535, -0.033092, -0.612549, 0.788590, 0.042603
cut, -0.1218, 2.1082, -0.6535, -0.035044, -0.612441, 0.788450, 0.045115
cut, -0.1266, 2.1070, -0.6535, -0.036992, -0.612326, 0.788302, 0.047623
cut, -0.1315, 2.1058, -0.6535, -0.038937, -0.612205, 0.788147, 0.050128
cut, -0.1363, 2.1045, -0.6535, -0.040879, -0.612079, 0.787984, 0.052627
cut, -0.1412, 2.1033, -0.6535, -0.042817, -0.611946, 0.787813, 0.055122
cut, -0.1460, 2.1020, -0.6535, -0.044751, -0.611808, 0.787635, 0.057611
cut, -0.1509, 2.1008, -0.6535, -0.046681, -0.611664, 0.787450, 0.060096
cut, -0.1557, 2.0996, -0.6535, -0.048606, -0.611514, 0.787256, 0.062575
cut, -0.1606, 2.0983, -0.6535, -0.050528, -0.611358, 0.787056, 0.065049
cut, -0.1654, 2.0971, -0.6535, -0.052444, -0.611196, 0.786848, 0.067516
cut, -0.1702, 2.0959, -0.6534, -0.054357, -0.611029, 0.786633, 0.069978
cut, -0.1751, 2.0946, -0.6534, -0.056264, -0.610857, 0.786411, 0.072434
cut, -0.1799, 2.0934, -0.6534, -0.058166, -0.610679, 0.786181, 0.074883
cut, -0.1848, 2.0922, -0.6534, -0.060064, -0.610495, 0.785945, 0.077325
cut, -0.1896, 2.0909, -0.6534, -0.061956, -0.610306, 0.785701, 0.079761
cut, -0.1945, 2.0897, -0.6534, -0.063842, -0.610111, 0.785451, 0.082190
cut, -0.1993, 2.0884, -0.6534, -0.065724, -0.609911, 0.785194, 0.084612
cut, -0.2042, 2.0872, -0.6534, -0.067599, -0.609706, 0.784930, 0.087026
cut, -0.2090, 2.0860, -0.6534, -0.069469, -0.609496, 0.784659, 0.089433
cut, -0.2138, 2.0847, -0.6534, -0.071332, -0.609281, 0.784382, 0.091833
cut, -0.2187, 2.0835, -0.6534, -0.073190, -0.609061, 0.784098, 0.094224
cut, -0.2235, 2.0823, -0.6534, -0.075042, -0.608835, 0.783808, 0.096608
cut, -0.2284, 2.0810, -0.6534, -0.076887, -0.608605, 0.783512, 0.098983
cut, -0.2332, 2.0798, -0.6534, -0.078726, -0.608370, 0.783209, 0.101350
cut, -0.2381, 2.0785, -0.6533, -0.080558, -0.608130, 0.782900, 0.103709
cut, -0.2429, 2.0773, -0.6533, -0.082383, -0.607885, 0.782585, 0.106059
cut, -0.2478, 2.0761, -0.6533, -0.084202, -0.607636, 0.782264, 0.108401
cut, -0.2526, 2.0748, -0.6533, -0.086014, -0.607382, 0.781938, 0.110733
cut, -0.2574, 2.0736, -0.6533, -0.087819, -0.607124, 0.781605, 0.113057
cut, -0.2623, 2.0724, -0.6533, -0.089617, -0.606861, 0.781267, 0.115371
cut, -0.2671, 2.0711, -0.6533, -0.091407, -0.606594, 0.780923, 0.117677
cut, -0.2720, 2.0699, -0.6533, -0.093191, -0.606323, 0.780574, 0.119973
cut, -0.2768, 2.0686, -0.6533, -0.094966, -0.606047, 0.780219, 0.122259
cut, -0.2817, 2.0674, -0.6533, -0.096735, -0.605767, 0.779859, 0.124536
cut, -0.2865, 2.0662, -0.6533, -0.098496, -0.605483, 0.779493, 0.126803
cut, -0.2914, 2.0649, -0.6533, -0.100249, -0.605196, 0.779123, 0.129060
cut, -0.2962, 2.0637, -0.6533, -0.101995, -0.604904, 0.778747, 0.131307
cut, -0.3010, 2.0625, -0.6533, -0.103732, -0.604608, 0.778367, 0.133544
cut, -0.3059, 2.0612, -0.6532, -0.105462, -0.604309, 0.777981, 0.135771
cut, -0.3107, 2.0600, -0.6532, -0.107184, -0.604006, 0.777591, 0.137988
cut, -0.3156, 2.0588, -0.6532, -0.108898, -0.603699, 0.777196, 0.140194
cut, -0.3204, 2.0575, -0.6532, -0.110604, -0.603389, 0.776797, 0.142390
cut, -0.3253, 2.0563, -0.6532, -0.112301, -0.603075, 0.776393, 0.144576
cut, -0.3301, 2.0550, -0.6532, -0.113991, -0.602758, 0.775985, 0.146750
cut, -0.3350, 2.0538, -0.6532, -0.115672, -0.602438, 0.775573, 0.148915
cut, -0.3398, 2.0526, -0.6532, -0.117345, -0.602114, 0.775156, 0.151068
cut, -0.3446, 2.0513, -0.6532, -0.119009, -0.601788, 0.774735, 0.153211
cut, -0.3495, 2.0501, -0.6532, -0.120665, -0.601458, 0.774311, 0.155343
cut, -0.3543, 2.0489, -0.6532, -0.122312, -0.601125, 0.773882, 0.157464
cut, -0.3592, 2.0476, -0.6532, -0.123951, -0.600789, 0.773450, 0.159573
cut, -0.3640, 2.0464, -0.6532, -0.125581, -0.600451, 0.773014, 0.161672
cut, -0.3689, 2.0451, -0.6532, -0.127203, -0.600109, 0.772574, 0.163760
cut, -0.3737, 2.0439, -0.6531, -0.128816, -0.599765, 0.772131, 0.165837
cut, -0.3786, 2.0427, -0.6531, -0.130420, -0.599418, 0.771685, 0.167902
cut, -0.3834, 2.0414, -0.6531, -0.132016, -0.599069, 0.771235, 0.169956
cut, -0.3882, 2.0402, -0.6531, -0.133603, -0.598717, 0.770782, 0.171999
cut, -0.3931, 2.0390, -0.6531, -0.135181, -0.598363, 0.770326, 0.174030
cut, -0.3979, 2.0377, -0.6531, -0.136750, -0.598006, 0.769867, 0.176051
cut, -0.4028, 2.0365, -0.6531, -0.138310, -0.597647, 0.769404, 0.178059
cut, -0.4076, 2.0353, -0.6531, -0.139862, -0.597286, 0.768940, 0.180057
cut, -0.4125, 2.0340, -0.6531, -0.141405, -0.596922, 0.768472, 0.182043
cut, -0.4173, 2.0328, -0.6531, -0.142938, -0.596557, 0.768001, 0.184017
cut, -0.4222, 2.0315, -0.6531, -0.144463, -0.596190, 0.767528, 0.185980
cut, -0.4270, 2.0303, -0.6531, -0.145979, -0.595820, 0.767053, 0.187932
cut, -0.4318, 2.0291, -0.6531, -0.147486, -0.595449, 0.766575, 0.189872
cut, -0.4367, 2.0278, -0.6531, -0.148984, -0.595076, 0.766095, 0.191800
cut, -0.4415, 2.0266, -0.6530, -0.150473, -0.594701, 0.765612, 0.193717
cut, -0.4464, 2.0254, -0.6530, -0.151953, -0.594325, 0.765128, 0.195623
cut, -0.4512, 2.0241, -0.6530, -0.153424, -0.593947, 0.764641, 0.197517
cut, -0.4561, 2.0229, -0.6530, -0.154887, -0.593567, 0.764152, 0.199399
cut, -0.4609, 2.0216, -0.6530, -0.156340, -0.593186, 0.763661, 0.201270
cut, -0.4658, 2.0204, -0.6530, -0.157784, -0.592803, 0.763169, 0.203130
cut, -0.4706, 2.0192, -0.6530, -0.159219, -0.592419, 0.762675, 0.204977
cut, -0.4754, 2.0179, -0.6530, -0.160646, -0.592034, 0.762179, 0.206814
cut, -0.4803, 2.0167, -0.6530, -0.162063, -0.591648, 0.761681, 0.208639
cut, -0.4851, 2.0155, -0.6530, -0.163472, -0.591260, 0.761182, 0.210452
cut, -0.4900, 2.0142, -0.6530, -0.164872, -0.590871, 0.760682, 0.212254
cut, -0.4948, 2.0130, -0.6530, -0.166262, -0.590482, 0.760180, 0.214044
cut, -0.4997, 2.0118, -0.6530, -0.167644, -0.590091, 0.759677, 0.215823
cut, -0.5045, 2.0105, -0.6530, -0.169017, -0.589699, 0.759172, 0.217591
cut, -0.5094, 2.0093, -0.6529, -0.170381, -0.589306, 0.758667, 0.219347
cut, -0.5142, 2.0080, -0.6529, -0.171737, -0.588913, 0.758160, 0.221092
cut, -0.5191, 2.0068, -0.6529, -0.173083, -0.588518, 0.757652, 0.222826
cut, -0.5239, 2.0056, -0.6529, -0.174421, -0.588123, 0.757144, 0.224548
cut, -0.5287, 2.0043, -0.6529, -0.175750, -0.587727, 0.756634, 0.226259
cut, -0.5336, 2.0031, -0.6529, -0.177070, -0.587331, 0.756124, 0.227959
cut, -0.5384, 2.0019, -0.6529, -0.178382, -0.586934, 0.755613, 0.229647
cut, -0.5433, 2.0006, -0.6529, -0.179685, -0.586536, 0.755101, 0.231324
cut, -0.5481, 1.9994, -0.6529, -0.180979, -0.586138, 0.754589, 0.232991
cut, -0.5530, 1.9981, -0.6529, -0.182265, -0.585740, 0.754076, 0.234646
cut, -0.5578, 1.9969, -0.6529, -0.183542, -0.585341, 0.753562, 0.236290
cut, -0.5627, 1.9957, -0.6529, -0.184810, -0.584942, 0.753048, 0.237923
cut, -0.5675, 1.9944, -0.6529, -0.186070, -0.584542, 0.752534, 0.239545
cut, -0.5723, 1.9932, -0.6529, -0.187321, -0.584142, 0.752019, 0.241156
cut, -0.5772, 1.9920, -0.6528, -0.188564, -0.583742, 0.751504, 0.242756
cut, -0.5820, 1.9907, -0.6528, -0.189799, -0.583342, 0.750989, 0.244345
cut, -0.5869, 1.9895, -0.6528, -0.191025, -0.582942, 0.750473, 0.245923
cut, -0.5917, 1.9883, -0.6528, -0.192243, -0.582541, 0.749958, 0.247491
cut, -0.5966, 1.9870, -0.6528, -0.193452, -0.582141, 0.749442, 0.249048
cut, -0.6014, 1.9858, -0.6528, -0.194653, -0.581740, 0.748926, 0.250594
cut, -0.6063, 1.9845, -0.6528, -0.195846, -0.581340, 0.748411, 0.252130
cut, -0.6111, 1.9833, -0.6528, -0.197031, -0.580939, 0.747895, 0.253655
cut, -0.6159, 1.9821, -0.6528, -0.198207, -0.580539, 0.747380, 0.255170
cut, -0.6208, 1.9808, -0.6528, -0.199376, -0.580139, 0.746865, 0.256674
cut, -0.6256, 1.9796, -0.6528, -0.200536, -0.579739, 0.746350, 0.258168
cut, -0.6305, 1.9784, -0.6528, -0.201688, -0.579339, 0.745835, 0.259651
cut, -0.6353, 1.9771, -0.6528, -0.202832, -0.578939, 0.745320, 0.261124
cut, -0.6402, 1.9759, -0.6528, -0.203969, -0.578540, 0.744806, 0.262587
cut, -0.6450, 1.9746, -0.6527, -0.205097, -0.578141, 0.744293, 0.264040
cut, -0.6499, 1.9734, -0.6527, -0.206217, -0.577742, 0.743779, 0.265482
cut, -0.6547, 1.9722, -0.6527, -0.207330, -0.577344, 0.743266, 0.266914
cut, -0.6595, 1.9709, -0.6527, -0.208435, -0.576946, 0.742754, 0.268337
cut, -0.6644, 1.9697, -0.6527, -0.209532, -0.576548, 0.742242, 0.269749
cut, -0.6692, 1.9685, -0.6527, -0.210621, -0.576151, 0.741731, 0.271152
cut, -0.6741, 1.9672, -0.6527, -0.211703, -0.575755, 0.741221, 0.272544
cut, -0.6789, 1.9660, -0.6527, -0.212777, -0.575359, 0.740711, 0.273927
cut, -0.6838, 1.9648, -0.6527, -0.213844, -0.574963, 0.740201, 0.275300
cut, -0.6886, 1.9635, -0.6527, -0.214903, -0.574568, 0.739693, 0.276664
cut, -0.6935, 1.9623, -0.6527, -0.215955, -0.574174, 0.739185, 0.278018
cut, -0.6983, 1.9610, -0.6527, -0.216999, -0.573780, 0.738678, 0.279362
cut, -0.7031, 1.9598, -0.6527, -0.218036, -0.573387, 0.738172, 0.280697
cut, -0.7080, 1.9586, -0.6526, -0.219065, -0.572994, 0.737667, 0.282022
cut, -0.7128, 1.9573, -0.6526, -0.220087, -0.572602, 0.737162, 0.283338
cut, -0.7177, 1.9561, -0.6526, -0.221102, -0.572211, 0.736659, 0.284645
cut, -0.7225, 1.9549, -0.6526, -0.222110, -0.571821, 0.736156, 0.285942
cut, -0.7274, 1.9536, -0.6526, -0.223111, -0.571431, 0.735654, 0.287230
cut, -0.7322, 1.9524, -0.6526, -0.224104, -0.571042, 0.735154, 0.288509
cut, -0.7371, 1.9511, -0.6526, -0.225091, -0.570654, 0.734654, 0.289779
cut, -0.7419, 1.9499, -0.6526, -0.226070, -0.570266, 0.734155, 0.291040
cut, -0.7467, 1.9487, -0.6526, -0.227043, -0.569880, 0.733658, 0.292293
cut, -0.7516, 1.9474, -0.6526, -0.228008, -0.569494, 0.733161, 0.293536
cut, -0.7564, 1.9462, -0.6526, -0.228967, -0.569109, 0.732666, 0.294770
cut, -0.7613, 1.9450, -0.6526, -0.229919, -0.568726, 0.732171, 0.295996
cut, -0.7661, 1.9437, -0.6526, -0.230865, -0.568342, 0.731678, 0.297213
cut, -0.7710, 1.9425, -0.6526, -0.231803, -0.567960, 0.731186, 0.298421
cut, -0.7758, 1.9413, -0.6525, -0.232735, -0.567579, 0.730696, 0.299621
cut, -0.7807, 1.9400, -0.6525, -0.233660, -0.567199, 0.730206, 0.300812
cut, -0.7855, 1.9388, -0.6525, -0.234579, -0.566819, 0.729718, 0.301994
cut, -0.7903, 1.9375, -0.6525, -0.235491, -0.566441, 0.729230, 0.303169
cut, -0.7952, 1.9363, -0.6525, -0.236397, -0.566064, 0.728745, 0.304335
cut, -0.8000, 1.9351, -0.6525, -0.237296, -0.565687, 0.728260, 0.305493
cut, -0.8049, 1.9338, -0.6525, -0.238189, -0.565312, 0.727777, 0.306642
cut, -0.8097, 1.9326, -0.6525, -0.239076, -0.564938, 0.727295, 0.307783
cut, -0.8146, 1.9314, -0.6525, -0.239956, -0.564564, 0.726814, 0.308917
cut, -0.8194, 1.9301, -0.6525, -0.240830, -0.564192, 0.726335, 0.310042
cut, -0.8243, 1.9289, -0.6525, -0.241698, -0.563821, 0.725857, 0.311159
cut, -0.8291, 1.9276, -0.6525, -0.242560, -0.563450, 0.725380, 0.312269
cut, -0.8339, 1.9264, -0.6525, -0.243415, -0.563081, 0.724905, 0.313370
cut, -0.8388, 1.9252, -0.6525, -0.244265, -0.562713, 0.724431, 0.314464
cut, -0.8436, 1.9239, -0.6524, -0.245108, -0.562346, 0.723959, 0.315550
cut, -0.8485, 1.9227, -0.6524, -0.245946, -0.561981, 0.723488, 0.316628
cut, -0.8533, 1.9215, -0.6524, -0.246778, -0.561616, 0.723018, 0.317699
cut, -0.8582, 1.9202, -0.6524, -0.247604, -0.561252, 0.722550, 0.318762
cut, -0.8630, 1.9190, -0.6524, -0.248424, -0.560890, 0.722084, 0.319818
cut, -0.8679, 1.9177, -0.6524, -0.249238, -0.560528, 0.721618, 0.320866
cut, -0.8727, 1.9165, -0.6524, -0.250046, -0.560168, 0.721155, 0.321907
cut, -0.8775, 1.9153, -0.6524, -0.250849, -0.559809, 0.720692, 0.322941
cut, -0.8824, 1.9140, -0.6524, -0.251647, -0.559451, 0.720232, 0.323967
cut, -0.8872, 1.9128, -0.6524, -0.252438, -0.559094, 0.719772, 0.324986
cut, -0.8921, 1.9116, -0.6524, -0.253224, -0.558739, 0.719315, 0.325998
cut, -0.8969, 1.9103, -0.6524, -0.254005, -0.558384, 0.718858, 0.327003
cut, -0.9018, 1.9091, -0.6524, -0.254780, -0.558031, 0.718404, 0.328001
cut, -0.9066, 1.9079, -0.6524, -0.255549, -0.557679, 0.717950, 0.328992
cut, -0.9115, 1.9066, -0.6523, -0.256314, -0.557328, 0.717499, 0.329976
cut, -0.9163, 1.9054, -0.6523, -0.257073, -0.556979, 0.717049, 0.330953
cut, -0.9212, 1.9041, -0.6523, -0.257826, -0.556630, 0.716600, 0.331923
cut, -0.9260, 1.9029, -0.6523, -0.258575, -0.556283, 0.716153, 0.332887
cut, -0.9308, 1.9017, -0.6523, -0.259318, -0.555937, 0.715707, 0.333843
cut, -0.9357, 1.9004, -0.6523, -0.260056, -0.555592, 0.715263, 0.334793
cut, -0.9405, 1.8992, -0.6523, -0.260789, -0.555248, 0.714821, 0.335737
cut, -0.9454, 1.8980, -0.6523, -0.261517, -0.554906, 0.714380, 0.336674
cut, -0.9502, 1.8967, -0.6523, -0.262240, -0.554565, 0.713941, 0.337604
cut, -0.9551, 1.8955, -0.6523, -0.262957, -0.554225, 0.713503, 0.338529
cut, -0.9599, 1.8942, -0.6523, -0.263670, -0.553886, 0.713067, 0.339446
cut, -0.9648, 1.8930, -0.6523, -0.264378, -0.553548, 0.712633, 0.340358
cut, -0.9690, 1.8919, -0.6523, -0.264988, -0.553257, 0.712257, 0.341142
cut, -0.9690, 1.6879, -0.6523, -0.264988, -0.553257, 0.712257, 0.341142
cut, -0.9690, 1.6863, -0.6475, -0.262376, -0.554500, 0.713858, 0.337780
cut, -0.9690, 1.6847, -0.6428, -0.259697, -0.555760, 0.715480, 0.334331
cut, -0.9690, 1.6831, -0.6380, -0.256948, -0.557036, 0.717123, 0.330792
cut, -0.9690, 1.6815, -0.6333, -0.254128, -0.558328, 0.718786, 0.327161
cut, -0.9690, 1.6800, -0.6286, -0.251234, -0.559637, 0.720471, 0.323436
cut, -0.9690, 1.6784, -0.6238, -0.248263, -0.560961, 0.722175, 0.319612
cut, -0.9690, 1.6768, -0.6191, -0.245215, -0.562300, 0.723899, 0.315687
cut, -0.9690, 1.6752, -0.6143, -0.242086, -0.563654, 0.725642, 0.311660
cut, -0.9690, 1.6736, -0.6096, -0.238875, -0.565022, 0.727404, 0.307525
cut, -0.9690, 1.6720, -0.6048, -0.235578, -0.566405, 0.729184, 0.303281
cut, -0.9690, 1.6704, -0.6001, -0.232194, -0.567801, 0.730981, 0.298924
cut, -0.9690, 1.6689, -0.5954, -0.228720, -0.569209, 0.732794, 0.294452
cut, -0.9690, 1.6673, -0.5906, -0.225154, -0.570629, 0.734622, 0.289861
cut, -0.9690, 1.6657, -0.5859, -0.221494, -0.572060, 0.736464, 0.285149
cut, -0.9690, 1.6641, -0.5811, -0.217736, -0.573500, 0.738318, 0.280311
cut, -0.9690, 1.6625, -0.5764, -0.213879, -0.574950, 0.740184, 0.275346
cut, -0.9690, 1.6609, -0.5716, -0.209921, -0.576407, 0.742060, 0.270250
cut, -0.9690, 1.6594, -0.5669, -0.205859, -0.577870, 0.743944, 0.265021
cut, -0.9690, 1.6578, -0.5622, -0.201691, -0.579338, 0.745834, 0.259654
cut, -0.9690, 1.6562, -0.5574, -0.197414, -0.580809, 0.747728, 0.254149
cut, -0.9690, 1.6546, -0.5527, -0.193027, -0.582282, 0.749624, 0.248502
cut, -0.9690, 1.6530, -0.5479, -0.188528, -0.583754, 0.751519, 0.242710
cut, -0.9690, 1.6514, -0.5432, -0.183915, -0.585224, 0.753411, 0.236771
cut, -0.9690, 1.6498, -0.5384, -0.179187, -0.586689, 0.755297, 0.230683
cut, -0.9690, 1.6483, -0.5337, -0.174341, -0.588147, 0.757174, 0.224445
cut, -0.9690, 1.6467, -0.5290, -0.169377, -0.589596, 0.759039, 0.218054
cut, -0.9690, 1.6451, -0.5242, -0.164293, -0.591033, 0.760889, 0.211509
cut, -0.9690, 1.6435, -0.5195, -0.159089, -0.592455, 0.762720, 0.204809
cut, -0.9690, 1.6419, -0.5147, -0.153764, -0.593859, 0.764528, 0.197954
cut, -0.9690, 1.6403, -0.5100, -0.148318, -0.595242, 0.766309, 0.190943
cut, -0.9690, 1.6388, -0.5053, -0.142751, -0.596602, 0.768059, 0.183776
cut, -0.9690, 1.6372, -0.5005, -0.137064, -0.597934, 0.769774, 0.176454
cut, -0.9690, 1.6356, -0.4958, -0.131257, -0.599236, 0.771450, 0.168978
cut, -0.9690, 1.6340, -0.4910, -0.125332, -0.600503, 0.773081, 0.161351
cut, -0.9690, 1.6324, -0.4863, -0.119290, -0.601732, 0.774664, 0.153573
cut, -0.9690, 1.6308, -0.4815, -0.113134, -0.602920, 0.776193, 0.145647
cut, -0.9690, 1.6292, -0.4768, -0.106866, -0.604062, 0.777663, 0.137579
cut, -0.9690, 1.6277, -0.4721, -0.100491, -0.605156, 0.779071, 0.129371
cut, -0.9690, 1.6261, -0.4673, -0.094010, -0.606196, 0.780411, 0.121028
cut, -0.9690, 1.6245, -0.4626, -0.087429, -0.607180, 0.781677, 0.112556
cut, -0.9690, 1.6229, -0.4578, -0.080753, -0.608104, 0.782867, 0.103961
cut, -0.9690, 1.6213, -0.4531, -0.073987, -0.608964, 0.783974, 0.095250
cut, -0.9690, 1.6197, -0.4483, -0.067136, -0.609758, 0.784996, 0.086430
cut, -0.9690, 1.6181, -0.4436, -0.060207, -0.610481, 0.785927, 0.077510
cut, -0.9690, 1.6166, -0.4389, -0.053207, -0.611131, 0.786763, 0.068499
cut, -0.9690, 1.6150, -0.4341, -0.046144, -0.611704, 0.787502, 0.059405
cut, -0.9690, 1.6134, -0.4294, -0.039024, -0.612200, 0.788140, 0.050239
cut, -0.9690, 1.6118, -0.4246, -0.031856, -0.612615, 0.788674, 0.041011
cut, -0.9690, 1.6102, -0.4199, -0.024649, -0.612947, 0.789102, 0.031733
cut, -0.9690, 1.6086, -0.4152, -0.017411, -0.613195, 0.789421, 0.022414
cut, -0.9690, 1.6071, -0.4104, -0.010151, -0.613358, 0.789631, 0.013068
cut, -0.9690, 1.6055, -0.4057, -0.002878, -0.613436, 0.789731, 0.003705
cut, -0.9690, 1.6048, -0.4038, 0.000000, -0.613442, 0.789739, 0.000000
p2p,
cut, -0.2729, 2.6860, -0.2302, 0.000000, 0.784672, -0.619912, 0.000000
cut, -0.2729, 2.6860, -1.4547, 0.000000, 0.784672, -0.619912, 0.000000
cut, -0.2176, 2.4534, -1.4547, 0.000000, 0.784672, -0.619912, 0.000000
cut, -0.2176, 2.6404, -0.7011, 0.000000, 0.784672, -0.619912, 0.000000
cut, -0.2176, 2.6404, -0.2589, 0.000000, 0.784672, -0.619912, 0.000000
cut, 0.9079, 1.7444, -0.0864, 0.000000, 0.784672, -0.619912, 0.000000
cut, 0.9079, 1.7444, -0.7011, 0.000000, 0.784672, -0.619912, 0.000000
cut, 0.9079, 1.9314, -1.4547, 0.000000, 0.784672, -0.619912, 0.000000
cut, 0.9633, 1.6989, -1.4547, 0.000000, 0.784672, -0.619912, 0.000000
cut, 0.9633, 1.6989, -0.0971, 0.000000, 0.784672, -0.619912, 0.000000
cut, 0.9586, 1.6986, -0.0989, 0.000000, 0.783743, -0.621085, 0.000000
cut, 0.9539, 1.6983, -0.1006, 0.000000, 0.782823, -0.622244, 0.000000
cut, 0.9492, 1.6980, -0.1023, 0.000000, 0.781912, -0.623389, 0.000000
cut, 0.9445, 1.6977, -0.1040, 0.000000, 0.781008, -0.624521, 0.000000
cut, 0.9398, 1.6974, -0.1057, 0.000000, 0.780113, -0.625639, 0.000000
cut, 0.9351, 1.6971, -0.1074, 0.000000, 0.779225, -0.626744, 0.000000
cut, 0.9304, 1.6968, -0.1091, 0.000000, 0.778345, -0.627836, 0.000000
cut, 0.9257, 1.6965, -0.1108, 0.000000, 0.777474, -0.628916, 0.000000
cut, 0.9210, 1.6962, -0.1125, 0.000000, 0.776610, -0.629982, 0.000000
cut, 0.9164, 1.6959, -0.1142, 0.000000, 0.775753, -0.631037, 0.000000
cut, 0.9117, 1.6956, -0.1159, 0.000000, 0.774904, -0.632079, 0.000000
cut, 0.9070, 1.6953, -0.1177, 0.000000, 0.774063, -0.633109, 0.000000
cut, 0.9023, 1.6950, -0.1194, 0.000000, 0.773229, -0.634127, 0.000000
cut, 0.8976, 1.6947, -0.1211, 0.000000, 0.772402, -0.635134, 0.000000
cut, 0.8929, 1.6944, -0.1228, 0.000000, 0.771583, -0.636129, 0.000000
cut, 0.8882, 1.6941, -0.1245, 0.000000, 0.770770, -0.637113, 0.000000
cut, 0.8835, 1.6938, -0.1262, 0.000000, 0.769965, -0.638086, 0.000000
cut, 0.8788, 1.6935, -0.1279, 0.000000, 0.769167, -0.639048, 0.000000
cut, 0.8742, 1.6932, -0.1296, 0.000000, 0.768375, -0.639999, 0.000000
cut, 0.8695, 1.6929, -0.1313, 0.000000, 0.767591, -0.640940, 0.000000
cut, 0.8648, 1.6926, -0.1330, 0.000000, 0.766813, -0.641870, 0.000000
cut, 0.8601, 1.6923, -0.1347, 0.000000, 0.766042, -0.642790, 0.000000
cut, 0.8554, 1.6920, -0.1365, 0.000000, 0.765278, -0.643700, 0.000000
cut, 0.8507, 1.6917, -0.1382, 0.000000, 0.764520, -0.644600, 0.000000
cut, 0.8460, 1.6914, -0.1399, 0.000000, 0.763768, -0.645490, 0.000000
cut, 0.8413, 1.6911, -0.1416, 0.000000, 0.763023, -0.646371, 0.000000
cut, 0.8366, 1.6908, -0.1433, 0.000000, 0.762285, -0.647242, 0.000000
cut, 0.8320, 1.6905, -0.1450, 0.000000, 0.761552, -0.648103, 0.000000
cut, 0.8273, 1.6902, -0.1467, 0.000000, 0.760826, -0.648956, 0.000000
cut, 0.8226, 1.6899, -0.1484, 0.000000, 0.760106, -0.649799, 0.000000
cut, 0.8179, 1.6896, -0.1501, 0.000000, 0.759392, -0.650633, 0.000000
cut, 0.8132, 1.6893, -0.1518, 0.000000, 0.758684, -0.651459, 0.000000
cut, 0.8085, 1.6890, -0.1535, 0.000000, 0.757982, -0.652276, 0.000000
cut, 0.8038, 1.6887, -0.1553, 0.000000, 0.757286, -0.653084, 0.000000
cut, 0.7991, 1.6884, -0.1570, 0.000000, 0.756595, -0.653884, 0.000000
cut, 0.7944, 1.6881, -0.1587, 0.000000, 0.755910, -0.654675, 0.000000
cut, 0.7897, 1.6878, -0.1604, 0.000000, 0.755231, -0.655458, 0.000000
cut, 0.7851, 1.6875, -0.1621, 0.000000, 0.754558, -0.656233, 0.000000
cut, 0.7804, 1.6872, -0.1638, 0.000000, 0.753890, -0.657001, 0.000000
cut, 0.7757, 1.6869, -0.1655, 0.000000, 0.753228, -0.657760, 0.000000
cut, 0.7710, 1.6867, -0.1672, 0.000000, 0.752571, -0.658512, 0.000000
cut, 0.7663, 1.6864, -0.1689, 0.000000, 0.751919, -0.659256, 0.000000
cut, 0.7616, 1.6861, -0.1706, 0.000000, 0.751273, -0.659992, 0.000000
cut, 0.7569, 1.6858, -0.1723, 0.000000, 0.750632, -0.660721, 0.000000
cut, 0.7522, 1.6855, -0.1741, 0.000000, 0.749996, -0.661443, 0.000000
cut, 0.7475, 1.6852, -0.1758, 0.000000, 0.749365, -0.662157, 0.000000
cut, 0.7429, 1.6849, -0.1775, 0.000000, 0.748739, -0.662865, 0.000000
cut, 0.7382, 1.6846, -0.1792, 0.000000, 0.748119, -0.663565, 0.000000
cut, 0.7335, 1.6843, -0.1809, 0.000000, 0.747503, -0.664259, 0.000000
cut, 0.7288, 1.6840, -0.1826, 0.000000, 0.746892, -0.664945, 0.000000
cut, 0.7241, 1.6837, -0.1843, 0.000000, 0.746286, -0.665625, 0.000000
cut, 0.7194, 1.6834, -0.1860, 0.000000, 0.745685, -0.666298, 0.000000
cut, 0.7147, 1.6831, -0.1877, 0.000000, 0.745089, -0.666965, 0.000000
cut, 0.7100, 1.6828, -0.1894, 0.000000, 0.744497, -0.667626, 0.000000
cut, 0.7053, 1.6825, -0.1911, 0.000000, 0.743910, -0.668280, 0.000000
cut, 0.7006, 1.6822, -0.1929, 0.000000, 0.743328, -0.668927, 0.000000
cut, 0.6960, 1.6819, -0.1946, 0.000000, 0.742750, -0.669569, 0.000000
cut, 0.6913, 1.6816, -0.1963, 0.000000, 0.742177, -0.670204, 0.000000
cut, 0.6866, 1.6813, -0.1980, 0.000000, 0.741608, -0.670834, 0.000000
cut, 0.6819, 1.6810, -0.1997, 0.000000, 0.741043, -0.671457, 0.000000
cut, 0.6772, 1.6807, -0.2014, 0.000000, 0.740483, -0.672075, 0.000000
cut, 0.6725, 1.6804, -0.2031, 0.000000, 0.739928, -0.672686, 0.000000
cut, 0.6678, 1.6801, -0.2048, 0.000000, 0.739376, -0.673293, 0.000000
cut, 0.6631, 1.6798, -0.2065, 0.000000, 0.738829, -0.673893, 0.000000
cut, 0.6584, 1.6795, -0.2082, 0.000000, 0.738286, -0.674488, 0.000000
cut, 0.6538, 1.6792, -0.2099, 0.000000, 0.737747, -0.675077, 0.000000
cut, 0.6491, 1.6789, -0.2117, 0.000000, 0.737212, -0.675661, 0.000000
cut, 0.6444, 1.6786, -0.2134, 0.000000, 0.736681, -0.676240, 0.000000
cut, 0.6397, 1.6783, -0.2151, 0.000000, 0.736155, -0.676813, 0.000000
cut, 0.6350, 1.6780, -0.2168, 0.000000, 0.735632, -0.677382, 0.000000
cut, 0.6303, 1.6777, -0.2185, 0.000000, 0.735113, -0.677945, 0.000000
cut, 0.6256, 1.6774, -0.2202, 0.000000, 0.734598, -0.678503, 0.000000
cut, 0.6209, 1.6771, -0.2219, 0.000000, 0.734087, -0.679055, 0.000000
cut, 0.6162, 1.6768, -0.2236, 0.000000, 0.733580, -0.679603, 0.000000
cut, 0.6116, 1.6765, -0.2253, 0.000000, 0.733076, -0.680147, 0.000000
cut, 0.6069, 1.6762, -0.2270, 0.000000, 0.732576, -0.680685, 0.000000
cut, 0.6022, 1.6759, -0.2287, 0.000000, 0.732080, -0.681218, 0.000000
cut, 0.5975, 1.6756, -0.2304, 0.000000, 0.731588, -0.681747, 0.000000
cut, 0.5928, 1.6753, -0.2322, 0.000000, 0.731099, -0.682272, 0.000000
cut, 0.5881, 1.6750, -0.2339, 0.000000, 0.730614, -0.682791, 0.000000
cut, 0.5834, 1.6747, -0.2356, 0.000000, 0.730132, -0.683306, 0.000000
cut, 0.5787, 1.6744, -0.2373, 0.000000, 0.729654, -0.683817, 0.000000
cut, 0.5740, 1.6741, -0.2390, 0.000000, 0.729179, -0.684323, 0.000000
cut, 0.5693, 1.6738, -0.2407, 0.000000, 0.728708, -0.684825, 0.000000
cut, 0.5647, 1.6735, -0.2424, 0.000000, 0.728240, -0.685323, 0.000000
cut, 0.5600, 1.6732, -0.2441, 0.000000, 0.727775, -0.685816, 0.000000
cut, 0.5553, 1.6729, -0.2458, 0.000000, 0.727314, -0.686305, 0.000000
cut, 0.5506, 1.6726, -0.2475, 0.000000, 0.726856, -0.686790, 0.000000
cut, 0.5459, 1.6723, -0.2492, 0.000000, 0.726401, -0.687271, 0.000000
cut, 0.5412, 1.6720, -0.2510, 0.000000, 0.725950, -0.687748, 0.000000
cut, 0.5365, 1.6717, -0.2527, 0.000000, 0.725502, -0.688220, 0.000000
cut, 0.5318, 1.6714, -0.2544, 0.000000, 0.725057, -0.688689, 0.000000
cut, 0.5271, 1.6711, -0.2561, 0.000000, 0.724615, -0.689154, 0.000000
cut, 0.5225, 1.6708, -0.2578, 0.000000, 0.724176, -0.689615, 0.000000
cut, 0.5178, 1.6706, -0.2595, 0.000000, 0.723740, -0.690073, 0.000000
cut, 0.5131, 1.6703, -0.2612, 0.000000, 0.723307, -0.690526, 0.000000
cut, 0.5084, 1.6700, -0.2629, 0.000000, 0.722878, -0.690976, 0.000000
cut, 0.5037, 1.6697, -0.2646, 0.000000, 0.722451, -0.691422, 0.000000
cut, 0.4990, 1.6694, -0.2663, 0.000000, 0.722027, -0.691865, 0.000000
cut, 0.4943, 1.6691, -0.2680, 0.000000, 0.721606, -0.692304, 0.000000
cut, 0.4896, 1.6688, -0.2698, 0.000000, 0.721189, -0.692739, 0.000000
cut, 0.4849, 1.6685, -0.2715, 0.000000, 0.720773, -0.693171, 0.000000
cut, 0.4802, 1.6682, -0.2732, 0.000000, 0.720361, -0.693599, 0.000000
cut, 0.4756, 1.6679, -0.2749, 0.000000, 0.719952, -0.694024, 0.000000
cut, 0.4709, 1.6676, -0.2766, 0.000000, 0.719545, -0.694446, 0.000000
cut, 0.4662, 1.6673, -0.2783, 0.000000, 0.719141, -0.694864, 0.000000
cut, 0.4615, 1.6670, -0.2800, 0.000000, 0.718740, -0.695279, 0.000000
cut, 0.4568, 1.6667, -0.2817, 0.000000, 0.718342, -0.695690, 0.000000
cut, 0.4521, 1.6664, -0.2834, 0.000000, 0.717946, -0.696099, 0.000000
cut, 0.4474, 1.6661, -0.2851, 0.000000, 0.717553, -0.696504, 0.000000
cut, 0.4427, 1.6658, -0.2868, 0.000000, 0.717163, -0.696906, 0.000000
cut, 0.4380, 1.6655, -0.2886, 0.000000, 0.716775, -0.697305, 0.000000
cut, 0.4334, 1.6652, -0.2903, 0.000000, 0.716390, -0.697701, 0.000000
cut, 0.4287, 1.6649, -0.2920, 0.000000, 0.716007, -0.698093, 0.000000
cut, 0.4240, 1.6646, -0.2937, 0.000000, 0.715627, -0.698483, 0.000000
cut, 0.4193, 1.6643, -0.2954, 0.000000, 0.715249, -0.698870, 0.000000
cut, 0.4146, 1.6640, -0.2971, 0.000000, 0.714874, -0.699253, 0.000000
cut, 0.4099, 1.6637, -0.2988, 0.000000, 0.714501, -0.699634, 0.000000
cut, 0.4052, 1.6634, -0.3005, 0.000000, 0.714131, -0.700012, 0.000000
cut, 0.4005, 1.6631, -0.3022, 0.000000, 0.713763, -0.700387, 0.000000
cut, 0.3958, 1.6628, -0.3039, 0.000000, 0.713398, -0.700760, 0.000000
cut, 0.3911, 1.6625, -0.3056, 0.000000, 0.713034, -0.701129, 0.000000
cut, 0.3865, 1.6622, -0.3074, 0.000000, 0.712674, -0.701496, 0.000000
cut, 0.3818, 1.6619, -0.3091, 0.000000, 0.712315, -0.701860, 0.000000
cut, 0.3771, 1.6616, -0.3108, 0.000000, 0.711959, -0.702221, 0.000000
cut, 0.3724, 1.6613, -0.3125, 0.000000, 0.711605, -0.702579, 0.000000
cut, 0.3677, 1.6610, -0.3142, 0.000000, 0.711254, -0.702935, 0.000000
cut, 0.3630, 1.6607, -0.3159, 0.000000, 0.710905, -0.703289, 0.000000
cut, 0.3583, 1.6604, -0.3176, 0.000000, 0.710557, -0.703639, 0.000000
cut, 0.3536, 1.6601, -0.3193, 0.000000, 0.710213, -0.703987, 0.000000
cut, 0.3489, 1.6598, -0.3210, 0.000000, 0.709870, -0.704333, 0.000000
cut, 0.3443, 1.6595, -0.3227, 0.000000, 0.709529, -0.704676, 0.000000
cut, 0.3396, 1.6592, -0.3244, 0.000000, 0.709191, -0.705017, 0.000000
cut, 0.3349, 1.6589, -0.3262, 0.000000, 0.708855, -0.705355, 0.000000
cut, 0.3302, 1.6586, -0.3279, 0.000000, 0.708520, -0.705690, 0.000000
cut, 0.3255, 1.6583, -0.3296, 0.000000, 0.708188, -0.706024, 0.000000
cut, 0.3208, 1.6580, -0.3313, 0.000000, 0.707858, -0.706355, 0.000000
cut, 0.3161, 1.6577, -0.3330, 0.000000, 0.707530, -0.706683, 0.000000
cut, 0.3114, 1.6574, -0.3347, 0.000000, 0.707204, -0.707009, 0.000000
cut, 0.3100, 1.6573, -0.3352, 0.000000, 0.707107, -0.707107, 0.000000
cut, 0.3100, 1.6573, -1.3574, 0.000000, 0.707107, -0.707107, 0.000000
cut, 0.3100, 1.8489, -1.3574, 0.000000, 0.707107, -0.707107, 0.000000
cut, 0.3100, 1.8489, -0.4544, 0.000000, 0.707107, -0.707107, 0.000000
cut, 0.3100, 2.5319, -0.4544, 0.000000, 0.707107, -0.707107, 0.000000
cut, 0.3100, 2.5319, -1.3574, 0.000000, 0.707107, -0.707107, 0.000000
cut, 0.3100, 2.6866, -1.3574, 0.000000, 0.707107, -0.707107, 0.000000
cut, 0.3100, 2.6866, -0.3527, 0.000000, 0.707107, -0.707107, 0.000000
p2p,
cut, 0.6368, 2.1300, -0.3199, 0.000000, -0.088015, 0.996119, 0.000000
cut, 0.6368, 2.1300, -0.9126, 0.003506, -0.087945, 0.995328, -0.039680
cut, 0.1008, 2.1300, -1.1566, 0.000000, 0.000000, 1.000000, 0.000000
cut, -0.1690, 2.1300, -1.1566, 0.000000, 0.000000, 1.000000, 0.000000
cut, -0.7384, 2.1300, -0.9016, 0.000000, 0.000034, 1.000000, -0.000015
cut, -0.7384, 2.1300, -0.3199, 0.000000, 0.000034, 1.000000, 0.000000
