bbox, -467.7989, 1848.5463, -1670.8638, 1800.0001, 700.7219, 1200.0000
cut, 1.4984, 2.8181, -0.3709, 0.000000, -0.613442, 0.789739, 0.000000
cut, 1.4984, 2.8168, -0.3757, 0.004587, -0.613425, 0.789717, -0.005905
cut, 1.4984, 2.8154, -0.3805, 0.009171, -0.613374, 0.789651, -0.011807
cut, 1.4984, 2.8141, -0.3853, 0.013751, -0.613288, 0.789541, -0.017702
cut, 1.4984, 2.8127, -0.3901, 0.018323, -0.613169, 0.789387, -0.023589
cut, 1.4984, 2.8114, -0.3949, 0.022887, -0.613015, 0.789190, -0.029464
cut, 1.4984, 2.8101, -0.3998, 0.027439, -0.612828, 0.788949, -0.035325
cut, 1.4984, 2.8087, -0.4046, 0.031978, -0.612608, 0.788666, -0.041168
cut, 1.4984, 2.8074, -0.4094, 0.036501, -0.612356, 0.788340, -0.046991
cut, 1.4984, 2.8060, -0.4142, 0.041006, -0.612070, 0.787973, -0.052790
cut, 1.4984, 2.8047, -0.4190, 0.045491, -0.611753, 0.787565, -0.058564
cut, 1.4984, 2.8034, -0.4239, 0.049954, -0.611405, 0.787117, -0.064310
cut, 1.4984, 2.8020, -0.4287, 0.054393, -0.611026, 0.786629, -0.070024
cut, 1.4984, 2.8007, -0.4335, 0.058806, -0.610617, 0.786102, -0.075706
cut, 1.4984, 2.7993, -0.4383, 0.063191, -0.610179, 0.785538, -0.081352
cut, 1.4984, 2.7980, -0.4431, 0.067547, -0.609712, 0.784937, -0.086959
cut, 1.4984, 2.7967, -0.4479, 0.071872, -0.609218, 0.784300, -0.092527
cut, 1.4984, 2.7953, -0.4528, 0.076164, -0.608696, 0.783629, -0.098053
cut, 1.4984, 2.7940, -0.4576, 0.080422, -0.608148, 0.782923, -0.103534
cut, 1.4984, 2.7926, -0.4624, 0.084644, -0.607575, 0.782185, -0.108969
cut, 1.4984, 2.7913, -0.4672, 0.088829, -0.606977, 0.781416, -0.114357
cut, 1.4984, 2.7900, -0.4720, 0.092975, -0.606356, 0.780616, -0.119695
cut, 1.4984, 2.7886, -0.4768, 0.097082, -0.605712, 0.779787, -0.124983
cut, 1.4984, 2.7873, -0.4817, 0.101148, -0.605046, 0.778930, -0.130218
cut, 1.4984, 2.7859, -0.4865, 0.105173, -0.604359, 0.778046, -0.135399
cut, 1.4984, 2.7846, -0.4913, 0.109155, -0.603653, 0.777137, -0.140525
cut, 1.4984, 2.7833, -0.4961, 0.113093, -0.602927, 0.776203, -0.145595
cut, 1.4984, 2.7819, -0.5009, 0.116987, -0.602184, 0.775246, -0.150608
cut, 1.4984, 2.7806, -0.5057, 0.120836, -0.601423, 0.774266, -0.155563
cut, 1.4984, 2.7792, -0.5106, 0.124639, -0.600647, 0.773267, -0.160459
cut, 1.4984, 2.7779, -0.5154, 0.128396, -0.599855, 0.772247, -0.165296
cut, 1.4984, 2.7765, -0.5202, 0.132107, -0.599049, 0.771209, -0.170073
cut, 1.4984, 2.7752, -0.5250, 0.135770, -0.598229, 0.770154, -0.174789
cut, 1.4984, 2.7739, -0.5298, 0.139386, -0.597397, 0.769083, -0.179444
cut, 1.4984, 2.7725, -0.5346, 0.142954, -0.596553, 0.767996, -0.184038
cut, 1.4984, 2.7712, -0.5395, 0.146475, -0.595699, 0.766896, -0.188570
cut, 1.4984, 2.7698, -0.5443, 0.149947, -0.594834, 0.765783, -0.193040
cut, 1.4984, 2.7685, -0.5491, 0.153371, -0.593960, 0.764658, -0.197449
cut, 1.4984, 2.7672, -0.5539, 0.156748, -0.593078, 0.763523, -0.201795
cut, 1.4984, 2.7658, -0.5587, 0.160076, -0.592189, 0.762378, -0.206080
cut, 1.4984, 2.7645, -0.5635, 0.163356, -0.591292, 0.761223, -0.210303
cut, 1.4984, 2.7631, -0.5684, 0.166588, -0.590390, 0.760062, -0.214464
cut, 1.4984, 2.7618, -0.5732, 0.169773, -0.589482, 0.758893, -0.218564
cut, 1.4984, 2.7605, -0.5780, 0.172910, -0.588569, 0.757718, -0.222602
cut, 1.4984, 2.7591, -0.5828, 0.176000, -0.587653, 0.756538, -0.226580
cut, 1.4984, 2.7578, -0.5876, 0.179043, -0.586733, 0.755354, -0.230498
cut, 1.4984, 2.7564, -0.5924, 0.182039, -0.585810, 0.754166, -0.234356
cut, 1.4984, 2.7551, -0.5973, 0.184990, -0.584885, 0.752975, -0.238154
cut, 1.4984, 2.7538, -0.6021, 0.187894, -0.583958, 0.751782, -0.241893
cut, 1.4984, 2.7524, -0.6069, 0.190753, -0.583031, 0.750588, -0.245573
cut, 1.4984, 2.7511, -0.6117, 0.193567, -0.582103, 0.749393, -0.249196
cut, 1.4984, 2.7497, -0.6165, 0.196337, -0.581174, 0.748198, -0.252762
cut, 1.4984, 2.7484, -0.6213, 0.199062, -0.580246, 0.747003, -0.256271
cut, 1.4984, 2.7471, -0.6262, 0.201744, -0.579319, 0.745810, -0.259723
cut, 1.4984, 2.7457, -0.6310, 0.204383, -0.578394, 0.744618, -0.263121
cut, 1.4984, 2.7444, -0.6358, 0.206980, -0.577469, 0.743428, -0.266464
cut, 1.4984, 2.7430, -0.6406, 0.209534, -0.576547, 0.742241, -0.269753
cut, 1.4984, 2.7417, -0.6454, 0.212048, -0.575628, 0.741057, -0.272988
cut, 1.4984, 2.7404, -0.6502, 0.214520, -0.574711, 0.739877, -0.276171
cut, 1.4984, 2.7390, -0.6551, 0.216953, -0.573797, 0.738701, -0.279303
cut, 1.4984, 2.7377, -0.6599, 0.219345, -0.572887, 0.737528, -0.282383
cut, 1.4984, 2.7363, -0.6647, 0.221699, -0.571980, 0.736361, -0.285413
cut, 1.4984, 2.7350, -0.6695, 0.224014, -0.571077, 0.735199, -0.288394
cut, 1.4984, 2.7337, -0.6743, 0.226292, -0.570179, 0.734042, -0.291325
cut, 1.4984, 2.7323, -0.6792, 0.228532, -0.569285, 0.732891, -0.294209
cut, 1.4984, 2.7310, -0.6840, 0.230735, -0.568395, 0.731746, -0.297046
cut, 1.4984, 2.7296, -0.6888, 0.232902, -0.567510, 0.730607, -0.299836
cut, 1.4984, 2.7283, -0.6936, 0.235034, -0.566631, 0.729475, -0.302581
cut, 1.4984, 2.7270, -0.6984, 0.237131, -0.565756, 0.728349, -0.305280
cut, 1.4984, 2.7256, -0.7032, 0.239194, -0.564888, 0.727230, -0.307936
cut, 1.4984, 2.7243, -0.7081, 0.241223, -0.564024, 0.726119, -0.310548
cut, 1.4984, 2.7229, -0.7129, 0.243218, -0.563166, 0.725015, -0.313117
cut, 1.4984, 2.7216, -0.7177, 0.245182, -0.562314, 0.723918, -0.315644
cut, 1.4984, 2.7203, -0.7225, 0.247113, -0.561468, 0.722829, -0.318131
cut, 1.4984, 2.7189, -0.7273, 0.249013, -0.560628, 0.721747, -0.320577
cut, 1.4984, 2.7176, -0.7321, 0.250882, -0.559795, 0.720674, -0.322983
cut, 1.4984, 2.7162, -0.7370, 0.252721, -0.558967, 0.719608, -0.325350
cut, 1.4984, 2.7149, -0.7418, 0.254530, -0.558145, 0.718551, -0.327679
cut, 1.4984, 2.7135, -0.7466, 0.256309, -0.557330, 0.717501, -0.329970
cut, 1.4984, 2.7122, -0.7514, 0.258060, -0.556522, 0.716460, -0.332224
cut, 1.4984, 2.7109, -0.7562, 0.259783, -0.555720, 0.715428, -0.334442
cut, 1.4984, 2.7095, -0.7610, 0.261479, -0.554924, 0.714403, -0.336625
cut, 1.4984, 2.7082, -0.7659, 0.263147, -0.554135, 0.713387, -0.338773
cut, 1.4984, 2.7069, -0.7703, 0.264667, -0.553410, 0.712455, -0.340730
cut, 1.4984, 2.4805, -0.7703, 0.264667, -0.553410, 0.712455, -0.340730
cut, 1.4936, 2.4793, -0.7703, 0.264075, -0.553693, 0.712819, -0.339968
cut, 1.4887, 2.4781, -0.7703, 0.263480, -0.553977, 0.713184, -0.339201
cut, 1.4839, 2.4768, -0.7703, 0.262881, -0.554261, 0.713550, -0.338430
cut, 1.4790, 2.4756, -0.7703, 0.262279, -0.554546, 0.713917, -0.337655
cut, 1.4742, 2.4744, -0.7703, 0.261673, -0.554832, 0.714286, -0.336875
cut, 1.4693, 2.4731, -0.7703, 0.261063, -0.555119, 0.714655, -0.336090
cut, 1.4645, 2.4719, -0.7703, 0.260450, -0.555407, 0.715026, -0.335301
cut, 1.4596, 2.4706, -0.7703, 0.259834, -0.555696, 0.715397, -0.334507
cut, 1.4548, 2.4694, -0.7702, 0.259214, -0.555986, 0.715770, -0.333709
cut, 1.4500, 2.4682, -0.7702, 0.258590, -0.556276, 0.716144, -0.332906
cut, 1.4451, 2.4669, -0.7702, 0.257962, -0.556567, 0.716519, -0.332098
cut, 1.4403, 2.4657, -0.7702, 0.257331, -0.556859, 0.716895, -0.331285
cut, 1.4354, 2.4645, -0.7702, 0.256696, -0.557152, 0.717272, -0.330468
cut, 1.4306, 2.4632, -0.7702, 0.256058, -0.557446, 0.717650, -0.329646
cut, 1.4257, 2.4620, -0.7702, 0.255415, -0.557741, 0.718030, -0.328819
cut, 1.4209, 2.4608, -0.7702, 0.254769, -0.558036, 0.718410, -0.327987
cut, 1.4160, 2.4595, -0.7702, 0.254119, -0.558332, 0.718791, -0.327150
cut, 1.4112, 2.4583, -0.7702, 0.253465, -0.558630, 0.719174, -0.326309
cut, 1.4064, 2.4570, -0.7702, 0.252808, -0.558927, 0.719558, -0.325462
cut, 1.4015, 2.4558, -0.7702, 0.252146, -0.559226, 0.719942, -0.324610
cut, 1.3967, 2.4546, -0.7702, 0.251480, -0.559526, 0.720328, -0.323753
cut, 1.3918, 2.4533, -0.7702, 0.250811, -0.559826, 0.720715, -0.322891
cut, 1.3870, 2.4521, -0.7701, 0.250137, -0.560128, 0.721102, -0.322024
cut, 1.3821, 2.4509, -0.7701, 0.249460, -0.560430, 0.721491, -0.321152
cut, 1.3773, 2.4496, -0.7701, 0.248779, -0.560732, 0.721881, -0.320275
cut, 1.3724, 2.4484, -0.7701, 0.248093, -0.561036, 0.722272, -0.319392
cut, 1.3676, 2.4471, -0.7701, 0.247403, -0.561340, 0.722664, -0.318505
cut, 1.3628, 2.4459, -0.7701, 0.246710, -0.561646, 0.723057, -0.317612
cut, 1.3579, 2.4447, -0.7701, 0.246012, -0.561952, 0.723451, -0.316713
cut, 1.3531, 2.4434, -0.7701, 0.245310, -0.562258, 0.723846, -0.315810
cut, 1.3482, 2.4422, -0.7701, 0.244604, -0.562566, 0.724242, -0.314900
cut, 1.3434, 2.4410, -0.7701, 0.243893, -0.562874, 0.724639, -0.313986
cut, 1.3385, 2.4397, -0.7701, 0.243179, -0.563184, 0.725037, -0.313066
cut, 1.3337, 2.4385, -0.7701, 0.242460, -0.563493, 0.725436, -0.312140
cut, 1.3288, 2.4373, -0.7701, 0.241737, -0.563804, 0.725835, -0.311209
cut, 1.3240, 2.4360, -0.7701, 0.241009, -0.564115, 0.726236, -0.310273
cut, 1.3191, 2.4348, -0.7700, 0.240277, -0.564427, 0.726638, -0.309331
cut, 1.3143, 2.4335, -0.7700, 0.239541, -0.564740, 0.727041, -0.308383
cut, 1.3095, 2.4323, -0.7700, 0.238800, -0.565054, 0.727445, -0.307429
cut, 1.3046, 2.4311, -0.7700, 0.238055, -0.565368, 0.727849, -0.306470
cut, 1.2998, 2.4298, -0.7700, 0.237306, -0.565683, 0.728255, -0.305505
cut, 1.2949, 2.4286, -0.7700, 0.236552, -0.565999, 0.728661, -0.304534
cut, 1.2901, 2.4274, -0.7700, 0.235793, -0.566315, 0.729069, -0.303558
cut, 1.2852, 2.4261, -0.7700, 0.235030, -0.566632, 0.729477, -0.302576
cut, 1.2804, 2.4249, -0.7700, 0.234263, -0.566950, 0.729886, -0.301587
cut, 1.2755, 2.4236, -0.7700, 0.233490, -0.567269, 0.730296, -0.300593
cut, 1.2707, 2.4224, -0.7700, 0.232713, -0.567588, 0.730707, -0.299593
cut, 1.2659, 2.4212, -0.7700, 0.231932, -0.567908, 0.731119, -0.298587
cut, 1.2610, 2.4199, -0.7700, 0.231146, -0.568228, 0.731531, -0.297575
cut, 1.2562, 2.4187, -0.7700, 0.230355, -0.568549, 0.731944, -0.296556
cut, 1.2513, 2.4175, -0.7699, 0.229559, -0.568871, 0.732359, -0.295532
cut, 1.2465, 2.4162, -0.7699, 0.228759, -0.569193, 0.732774, -0.294502
cut, 1.2416, 2.4150, -0.7699, 0.227953, -0.569516, 0.733189, -0.293465
cut, 1.2368, 2.4137, -0.7699, 0.227143, -0.569840, 0.733606, -0.292422
cut, 1.2319, 2.4125, -0.7699, 0.226328, -0.570164, 0.734023, -0.291373
cut, 1.2271, 2.4113, -0.7699, 0.225509, -0.570489, 0.734441, -0.290317
cut, 1.2223, 2.4100, -0.7699, 0.224684, -0.570814, 0.734860, -0.289256
cut, 1.2174, 2.4088, -0.7699, 0.223854, -0.571140, 0.735280, -0.288188
cut, 1.2126, 2.4076, -0.7699, 0.223020, -0.571466, 0.735700, -0.287113
cut, 1.2077, 2.4063, -0.7699, 0.222180, -0.571793, 0.736121, -0.286032
cut, 1.2029, 2.4051, -0.7699, 0.221335, -0.572121, 0.736542, -0.284945
cut, 1.1980, 2.4039, -0.7699, 0.220486, -0.572449, 0.736965, -0.283851
cut, 1.1932, 2.4026, -0.7699, 0.219631, -0.572777, 0.737388, -0.282751
cut, 1.1883, 2.4014, -0.7699, 0.218771, -0.573106, 0.737811, -0.281644
cut, 1.1835, 2.4001, -0.7698, 0.217906, -0.573436, 0.738235, -0.280530
cut, 1.1787, 2.3989, -0.7698, 0.217036, -0.573766, 0.738660, -0.279410
cut, 1.1738, 2.3977, -0.7698, 0.216161, -0.574096, 0.739085, -0.278283
cut, 1.1690, 2.3964, -0.7698, 0.215280, -0.574427, 0.739511, -0.277149
cut, 1.1641, 2.3952, -0.7698, 0.214394, -0.574758, 0.739938, -0.276009
cut, 1.1593, 2.3940, -0.7698, 0.213503, -0.575090, 0.740364, -0.274862
cut, 1.1544, 2.3927, -0.7698, 0.212607, -0.575422, 0.740792, -0.273708
cut, 1.1496, 2.3915, -0.7698, 0.211705, -0.575754, 0.741220, -0.272547
cut, 1.1447, 2.3902, -0.7698, 0.210798, -0.576087, 0.741648, -0.271379
cut, 1.1399, 2.3890, -0.7698, 0.209885, -0.576420, 0.742077, -0.270204
cut, 1.1351, 2.3878, -0.7698, 0.208968, -0.576753, 0.742506, -0.269023
cut, 1.1302, 2.3865, -0.7698, 0.208044, -0.577087, 0.742936, -0.267834
cut, 1.1254, 2.3853, -0.7698, 0.207115, -0.577421, 0.743366, -0.266638
cut, 1.1205, 2.3841, -0.7698, 0.206181, -0.577755, 0.743796, -0.265436
cut, 1.1157, 2.3828, -0.7697, 0.205241, -0.578090, 0.744227, -0.264226
cut, 1.1108, 2.3816, -0.7697, 0.204296, -0.578424, 0.744658, -0.263009
cut, 1.1060, 2.3804, -0.7697, 0.203345, -0.578759, 0.745089, -0.261785
cut, 1.1011, 2.3791, -0.7697, 0.202389, -0.579094, 0.745520, -0.260553
cut, 1.0963, 2.3779, -0.7697, 0.201427, -0.579430, 0.745952, -0.259315
cut, 1.0915, 2.3766, -0.7697, 0.200459, -0.579765, 0.746384, -0.258069
cut, 1.0866, 2.3754, -0.7697, 0.199486, -0.580101, 0.746816, -0.256816
cut, 1.0818, 2.3742, -0.7697, 0.198507, -0.580437, 0.747248, -0.255555
cut, 1.0769, 2.3729, -0.7697, 0.197522, -0.580773, 0.747681, -0.254287
cut, 1.0721, 2.3717, -0.7697, 0.196531, -0.581108, 0.748113, -0.253012
cut, 1.0672, 2.3705, -0.7697, 0.195535, -0.581444, 0.748546, -0.251730
cut, 1.0624, 2.3692, -0.7697, 0.194533, -0.581781, 0.748978, -0.250440
cut, 1.0575, 2.3680, -0.7697, 0.193525, -0.582117, 0.749411, -0.249142
cut, 1.0527, 2.3667, -0.7697, 0.192511, -0.582453, 0.749843, -0.247837
cut, 1.0479, 2.3655, -0.7696, 0.191492, -0.582789, 0.750276, -0.246524
cut, 1.0430, 2.3643, -0.7696, 0.190466, -0.583125, 0.750709, -0.245204
cut, 1.0382, 2.3630, -0.7696, 0.189435, -0.583460, 0.751141, -0.243877
cut, 1.0333, 2.3618, -0.7696, 0.188398, -0.583796, 0.751573, -0.242541
cut, 1.0285, 2.3606, -0.7696, 0.187354, -0.584132, 0.752005, -0.241198
cut, 1.0236, 2.3593, -0.7696, 0.186305, -0.584467, 0.752437, -0.239847
cut, 1.0188, 2.3581, -0.7696, 0.185250, -0.584803, 0.752869, -0.238489
cut, 1.0139, 2.3569, -0.7696, 0.184189, -0.585138, 0.753300, -0.237123
cut, 1.0091, 2.3556, -0.7696, 0.183122, -0.585472, 0.753731, -0.235749
cut, 1.0043, 2.3544, -0.7696, 0.182049, -0.585807, 0.754162, -0.234367
cut, 0.9994, 2.3531, -0.7696, 0.180969, -0.586141, 0.754592, -0.232978
cut, 0.9946, 2.3519, -0.7696, 0.179884, -0.586475, 0.755022, -0.231581
cut, 0.9897, 2.3507, -0.7696, 0.178793, -0.586809, 0.755452, -0.230176
cut, 0.9849, 2.3494, -0.7696, 0.177695, -0.587142, 0.755881, -0.228763
cut, 0.9800, 2.3482, -0.7695, 0.176591, -0.587475, 0.756309, -0.227342
cut, 0.9752, 2.3470, -0.7695, 0.175482, -0.587808, 0.756737, -0.225913
cut, 0.9703, 2.3457, -0.7695, 0.174366, -0.588140, 0.757165, -0.224477
cut, 0.9655, 2.3445, -0.7695, 0.173244, -0.588471, 0.757592, -0.223032
cut, 0.9606, 2.3432, -0.7695, 0.172115, -0.588802, 0.758018, -0.221579
cut, 0.9558, 2.3420, -0.7695, 0.170981, -0.589133, 0.758443, -0.220119
cut, 0.9510, 2.3408, -0.7695, 0.169840, -0.589462, 0.758868, -0.218650
cut, 0.9461, 2.3395, -0.7695, 0.168693, -0.589792, 0.759292, -0.217174
cut, 0.9413, 2.3383, -0.7695, 0.167540, -0.590120, 0.759715, -0.215689
cut, 0.9364, 2.3371, -0.7695, 0.166381, -0.590448, 0.760137, -0.214197
cut, 0.9316, 2.3358, -0.7695, 0.165215, -0.590775, 0.760558, -0.212696
cut, 0.9267, 2.3346, -0.7695, 0.164043, -0.591102, 0.760978, -0.211187
cut, 0.9219, 2.3334, -0.7695, 0.162865, -0.591428, 0.761398, -0.209671
cut, 0.9170, 2.3321, -0.7694, 0.161681, -0.591752, 0.761816, -0.208146
cut, 0.9122, 2.3309, -0.7694, 0.160490, -0.592077, 0.762233, -0.206613
cut, 0.9074, 2.3296, -0.7694, 0.159293, -0.592400, 0.762649, -0.205072
cut, 0.9025, 2.3284, -0.7694, 0.158090, -0.592722, 0.763064, -0.203523
cut, 0.8977, 2.3272, -0.7694, 0.156880, -0.593043, 0.763478, -0.201966
cut, 0.8928, 2.3259, -0.7694, 0.155664, -0.593364, 0.763890, -0.200400
cut, 0.8880, 2.3247, -0.7694, 0.154442, -0.593683, 0.764301, -0.198827
cut, 0.8831, 2.3235, -0.7694, 0.153213, -0.594001, 0.764711, -0.197245
cut, 0.8783, 2.3222, -0.7694, 0.151979, -0.594318, 0.765119, -0.195656
cut, 0.8734, 2.3210, -0.7694, 0.150738, -0.594634, 0.765526, -0.194058
cut, 0.8686, 2.3197, -0.7694, 0.149490, -0.594949, 0.765931, -0.192452
cut, 0.8638, 2.3185, -0.7694, 0.148236, -0.595263, 0.766335, -0.190838
cut, 0.8589, 2.3173, -0.7694, 0.146976, -0.595575, 0.766737, -0.189216
cut, 0.8541, 2.3160, -0.7694, 0.145710, -0.595886, 0.767138, -0.187586
cut, 0.8492, 2.3148, -0.7693, 0.144438, -0.596196, 0.767536, -0.185948
cut, 0.8444, 2.3136, -0.7693, 0.143159, -0.596504, 0.767933, -0.184301
cut, 0.8395, 2.3123, -0.7693, 0.141874, -0.596811, 0.768328, -0.182647
cut, 0.8347, 2.3111, -0.7693, 0.140582, -0.597117, 0.768722, -0.180984
cut, 0.8298, 2.3099, -0.7693, 0.139285, -0.597421, 0.769113, -0.179314
cut, 0.8250, 2.3086, -0.7693, 0.137981, -0.597723, 0.769503, -0.177635
cut, 0.8202, 2.3074, -0.7693, 0.136671, -0.598024, 0.769890, -0.175948
cut, 0.8153, 2.3061, -0.7693, 0.135354, -0.598323, 0.770275, -0.174254
cut, 0.8105, 2.3049, -0.7693, 0.134032, -0.598621, 0.770659, -0.172551
cut, 0.8056, 2.3037, -0.7693, 0.132703, -0.598917, 0.771040, -0.170840
cut, 0.8008, 2.3024, -0.7693, 0.131368, -0.599211, 0.771418, -0.169122
cut, 0.7959, 2.3012, -0.7693, 0.130027, -0.599504, 0.771795, -0.167395
cut, 0.7911, 2.3000, -0.7693, 0.128680, -0.599794, 0.772169, -0.165661
cut, 0.7862, 2.2987, -0.7693, 0.127326, -0.600083, 0.772541, -0.163919
cut, 0.7814, 2.2975, -0.7692, 0.125967, -0.600370, 0.772910, -0.162168
cut, 0.7766, 2.2962, -0.7692, 0.124601, -0.600655, 0.773277, -0.160410
cut, 0.7717, 2.2950, -0.7692, 0.123230, -0.600938, 0.773641, -0.158645
cut, 0.7669, 2.2938, -0.7692, 0.121852, -0.601218, 0.774002, -0.156871
cut, 0.7620, 2.2925, -0.7692, 0.120468, -0.601497, 0.774361, -0.155090
cut, 0.7572, 2.2913, -0.7692, 0.119079, -0.601774, 0.774718, -0.153301
cut, 0.7523, 2.2901, -0.7692, 0.117683, -0.602048, 0.775071, -0.151504
cut, 0.7475, 2.2888, -0.7692, 0.116282, -0.602321, 0.775421, -0.149700
cut, 0.7426, 2.2876, -0.7692, 0.114875, -0.602591, 0.775769, -0.147888
cut, 0.7378, 2.2864, -0.7692, 0.113461, -0.602858, 0.776114, -0.146069
cut, 0.7330, 2.2851, -0.7692, 0.112042, -0.603124, 0.776455, -0.144242
cut, 0.7281, 2.2839, -0.7692, 0.110618, -0.603387, 0.776794, -0.142408
cut, 0.7233, 2.2826, -0.7692, 0.109187, -0.603647, 0.777129, -0.140566
cut, 0.7184, 2.2814, -0.7692, 0.107751, -0.603905, 0.777461, -0.138717
cut, 0.7136, 2.2802, -0.7691, 0.106309, -0.604161, 0.777790, -0.136861
cut, 0.7087, 2.2789, -0.7691, 0.104861, -0.604414, 0.778116, -0.134997
cut, 0.7039, 2.2777, -0.7691, 0.103408, -0.604664, 0.778438, -0.133127
cut, 0.6990, 2.2765, -0.7691, 0.101949, -0.604911, 0.778757, -0.131249
cut, 0.6942, 2.2752, -0.7691, 0.100485, -0.605156, 0.779072, -0.129364
cut, 0.6894, 2.2740, -0.7691, 0.099016, -0.605399, 0.779384, -0.127472
cut, 0.6845, 2.2727, -0.7691, 0.097541, -0.605638, 0.779692, -0.125573
cut, 0.6797, 2.2715, -0.7691, 0.096060, -0.605875, 0.779997, -0.123667
cut, 0.6748, 2.2703, -0.7691, 0.094575, -0.606108, 0.780298, -0.121754
cut, 0.6700, 2.2690, -0.7691, 0.093084, -0.606339, 0.780595, -0.119835
cut, 0.6651, 2.2678, -0.7691, 0.091588, -0.606567, 0.780888, -0.117909
cut, 0.6603, 2.2666, -0.7691, 0.090086, -0.606792, 0.781177, -0.115976
cut, 0.6554, 2.2653, -0.7691, 0.088580, -0.607013, 0.781463, -0.114037
cut, 0.6506, 2.2641, -0.7691, 0.087069, -0.607232, 0.781744, -0.112091
cut, 0.6458, 2.2629, -0.7690, 0.085552, -0.607447, 0.782022, -0.110139
cut, 0.6409, 2.2616, -0.7690, 0.084031, -0.607660, 0.782295, -0.108181
cut, 0.6361, 2.2604, -0.7690, 0.082505, -0.607869, 0.782564, -0.106216
cut, 0.6312, 2.2591, -0.7690, 0.080974, -0.608075, 0.782829, -0.104246
cut, 0.6264, 2.2579, -0.7690, 0.079439, -0.608277, 0.783090, -0.102269
cut, 0.6215, 2.2567, -0.7690, 0.077899, -0.608476, 0.783346, -0.100286
cut, 0.6167, 2.2554, -0.7690, 0.076354, -0.608672, 0.783598, -0.098297
cut, 0.6118, 2.2542, -0.7690, 0.074805, -0.608864, 0.783846, -0.096303
cut, 0.6070, 2.2530, -0.7690, 0.073251, -0.609053, 0.784089, -0.094303
cut, 0.6022, 2.2517, -0.7690, 0.071693, -0.609239, 0.784328, -0.092297
cut, 0.5973, 2.2505, -0.7690, 0.070131, -0.609420, 0.784562, -0.090286
cut, 0.5925, 2.2492, -0.7690, 0.068564, -0.609599, 0.784791, -0.088269
cut, 0.5876, 2.2480, -0.7690, 0.066994, -0.609773, 0.785016, -0.086247
cut, 0.5828, 2.2468, -0.7690, 0.065419, -0.609944, 0.785236, -0.084220
cut, 0.5779, 2.2455, -0.7689, 0.063840, -0.610111, 0.785451, -0.082187
cut, 0.5731, 2.2443, -0.7689, 0.062258, -0.610275, 0.785662, -0.080150
cut, 0.5682, 2.2431, -0.7689, 0.060671, -0.610435, 0.785867, -0.078108
cut, 0.5634, 2.2418, -0.7689, 0.059081, -0.610591, 0.786068, -0.076061
cut, 0.5585, 2.2406, -0.7689, 0.057488, -0.610743, 0.786264, -0.074009
cut, 0.5537, 2.2393, -0.7689, 0.055890, -0.610891, 0.786455, -0.071953
cut, 0.5489, 2.2381, -0.7689, 0.054289, -0.611035, 0.786641, -0.069892
cut, 0.5440, 2.2369, -0.7689, 0.052685, -0.611176, 0.786821, -0.067827
cut, 0.5392, 2.2356, -0.7689, 0.051078, -0.611312, 0.786997, -0.065757
cut, 0.5343, 2.2344, -0.7689, 0.049467, -0.611445, 0.787168, -0.063684
cut, 0.5295, 2.2332, -0.7689, 0.047853, -0.611573, 0.787333, -0.061606
cut, 0.5246, 2.2319, -0.7689, 0.046237, -0.611697, 0.787493, -0.059525
cut, 0.5198, 2.2307, -0.7689, 0.044617, -0.611818, 0.787648, -0.057439
cut, 0.5149, 2.2295, -0.7689, 0.042994, -0.611934, 0.787797, -0.055350
cut, 0.5101, 2.2282, -0.7688, 0.041369, -0.612046, 0.787942, -0.053258
cut, 0.5053, 2.2270, -0.7688, 0.039741, -0.612154, 0.788080, -0.051162
cut, 0.5004, 2.2257, -0.7688, 0.038111, -0.612257, 0.788214, -0.049063
cut, 0.4956, 2.2245, -0.7688, 0.036478, -0.612357, 0.788342, -0.046961
cut, 0.4907, 2.2233, -0.7688, 0.034842, -0.612452, 0.788465, -0.044856
cut, 0.4859, 2.2220, -0.7688, 0.033205, -0.612543, 0.788582, -0.042748
cut, 0.4810, 2.2208, -0.7688, 0.031565, -0.612630, 0.788693, -0.040637
cut, 0.4762, 2.2196, -0.7688, 0.029924, -0.612712, 0.788799, -0.038523
cut, 0.4713, 2.2183, -0.7688, 0.028280, -0.612790, 0.788900, -0.036407
cut, 0.4665, 2.2171, -0.7688, 0.026634, -0.612864, 0.788995, -0.034289
cut, 0.4617, 2.2158, -0.7688, 0.024987, -0.612933, 0.789084, -0.032168
cut, 0.4568, 2.2146, -0.7688, 0.023338, -0.612998, 0.789168, -0.030046
cut, 0.4520, 2.2134, -0.7688, 0.021688, -0.613059, 0.789246, -0.027921
cut, 0.4471, 2.2121, -0.7688, 0.020036, -0.613115, 0.789318, -0.025795
cut, 0.4423, 2.2109, -0.7687, 0.018383, -0.613167, 0.789385, -0.023666
cut, 0.4374, 2.2097, -0.7687, 0.016729, -0.613214, 0.789446, -0.021537
cut, 0.4326, 2.2084, -0.7687, 0.015074, -0.613257, 0.789501, -0.019406
cut, 0.4277, 2.2072, -0.7687, 0.013417, -0.613296, 0.789551, -0.017273
cut, 0.4229, 2.2060, -0.7687, 0.011760, -0.613330, 0.789594, -0.015140
cut, 0.4181, 2.2047, -0.7687, 0.010102, -0.613359, 0.789632, -0.013005
cut, 0.4132, 2.2035, -0.7687, 0.008443, -0.613384, 0.789665, -0.010870
cut, 0.4084, 2.2022, -0.7687, 0.006784, -0.613405, 0.789691, -0.008734
cut, 0.4035, 2.2010, -0.7687, 0.005124, -0.613421, 0.789712, -0.006597
cut, 0.3987, 2.1998, -0.7687, 0.003464, -0.613433, 0.789727, -0.004460
cut, 0.3938, 2.1985, -0.7687, 0.001804, -0.613440, 0.789736, -0.002322
cut, 0.3890, 2.1973, -0.7687, 0.000144, -0.613442, 0.789739, -0.000185
cut, 0.3841, 2.1961, -0.7687, -0.001517, -0.613441, 0.789737, 0.001953
cut, 0.3793, 2.1948, -0.7687, -0.003177, -0.613434, 0.789729, 0.004090
cut, 0.3745, 2.1936, -0.7686, -0.004837, -0.613423, 0.789715, 0.006227
cut, 0.3696, 2.1923, -0.7686, -0.006497, -0.613408, 0.789695, 0.008364
cut, 0.3648, 2.1911, -0.7686, -0.008156, -0.613388, 0.789670, 0.010500
cut, 0.3599, 2.1899, -0.7686, -0.009815, -0.613364, 0.789638, 0.012636
cut, 0.3551, 2.1886, -0.7686, -0.011473, -0.613335, 0.789601, 0.014771
cut, 0.3502, 2.1874, -0.7686, -0.013131, -0.613302, 0.789559, 0.016904
cut, 0.3454, 2.1862, -0.7686, -0.014787, -0.613264, 0.789510, 0.019037
cut, 0.3405, 2.1849, -0.7686, -0.016443, -0.613222, 0.789456, 0.021168
cut, 0.3357, 2.1837, -0.7686, -0.018097, -0.613175, 0.789396, 0.023298
cut, 0.3309, 2.1825, -0.7686, -0.019751, -0.613124, 0.789330, 0.025427
cut, 0.3260, 2.1812, -0.7686, -0.021403, -0.613069, 0.789259, 0.027554
cut, 0.3212, 2.1800, -0.7686, -0.023053, -0.613009, 0.789182, 0.029679
cut, 0.3163, 2.1787, -0.7686, -0.024702, -0.612945, 0.789099, 0.031802
cut, 0.3115, 2.1775, -0.7685, -0.026350, -0.612876, 0.789011, 0.033923
cut, 0.3066, 2.1763, -0.7685, -0.027996, -0.612803, 0.788917, 0.036041
cut, 0.3018, 2.1750, -0.7685, -0.029640, -0.612726, 0.788817, 0.038158
cut, 0.2969, 2.1738, -0.7685, -0.031282, -0.612644, 0.788712, 0.040272
cut, 0.2921, 2.1726, -0.7685, -0.032922, -0.612558, 0.788601, 0.042383
cut, 0.2873, 2.1713, -0.7685, -0.034560, -0.612468, 0.788485, 0.044492
cut, 0.2824, 2.1701, -0.7685, -0.036195, -0.612374, 0.788364, 0.046597
cut, 0.2776, 2.1688, -0.7685, -0.037829, -0.612275, 0.788236, 0.048700
cut, 0.2727, 2.1676, -0.7685, -0.039459, -0.612172, 0.788104, 0.050800
cut, 0.2679, 2.1664, -0.7685, -0.041088, -0.612065, 0.787966, 0.052896
cut, 0.2630, 2.1651, -0.7685, -0.042714, -0.611954, 0.787823, 0.054989
cut, 0.2582, 2.1639, -0.7685, -0.044337, -0.611838, 0.787674, 0.057079
cut, 0.2533, 2.1627, -0.7685, -0.045957, -0.611719, 0.787520, 0.059164
cut, 0.2485, 2.1614, -0.7685, -0.047574, -0.611595, 0.787361, 0.061246
cut, 0.2437, 2.1602, -0.7684, -0.049188, -0.611467, 0.787197, 0.063325
cut, 0.2388, 2.1590, -0.7684, -0.050800, -0.611335, 0.787027, 0.065399
cut, 0.2340, 2.1577, -0.7684, -0.052408, -0.611200, 0.786852, 0.067469
cut, 0.2291, 2.1565, -0.7684, -0.054012, -0.611060, 0.786672, 0.069535
cut, 0.2243, 2.1552, -0.7684, -0.055614, -0.610916, 0.786487, 0.071597
cut, 0.2194, 2.1540, -0.7684, -0.057212, -0.610769, 0.786297, 0.073654
cut, 0.2146, 2.1528, -0.7684, -0.058806, -0.610617, 0.786102, 0.075706
cut, 0.2097, 2.1515, -0.7684, -0.060397, -0.610462, 0.785902, 0.077754
cut, 0.2049, 2.1503, -0.7684, -0.061984, -0.610303, 0.785698, 0.079797
cut, 0.2000, 2.1491, -0.7684, -0.063567, -0.610140, 0.785488, 0.081836
cut, 0.1952, 2.1478, -0.7684, -0.065146, -0.609973, 0.785273, 0.083869
cut, 0.1904, 2.1466, -0.7684, -0.066722, -0.609803, 0.785054, 0.085897
cut, 0.1855, 2.1453, -0.7684, -0.068293, -0.609629, 0.784830, 0.087920
cut, 0.1807, 2.1441, -0.7684, -0.069860, -0.609451, 0.784602, 0.089938
cut, 0.1758, 2.1429, -0.7683, -0.071423, -0.609270, 0.784368, 0.091950
cut, 0.1710, 2.1416, -0.7683, -0.072982, -0.609086, 0.784130, 0.093956
cut, 0.1661, 2.1404, -0.7683, -0.074537, -0.608897, 0.783888, 0.095958
cut, 0.1613, 2.1392, -0.7683, -0.076087, -0.608706, 0.783641, 0.097953
cut, 0.1564, 2.1379, -0.7683, -0.077632, -0.608510, 0.783390, 0.099943
cut, 0.1516, 2.1367, -0.7683, -0.079173, -0.608312, 0.783134, 0.101927
cut, 0.1468, 2.1355, -0.7683, -0.080709, -0.608110, 0.782874, 0.103904
cut, 0.1419, 2.1342, -0.7683, -0.082241, -0.607905, 0.782610, 0.105876
cut, 0.1371, 2.1330, -0.7683, -0.083768, -0.607696, 0.782342, 0.107842
cut, 0.1322, 2.1317, -0.7683, -0.085290, -0.607484, 0.782069, 0.109801
cut, 0.1274, 2.1305, -0.7683, -0.086807, -0.607269, 0.781792, 0.111754
cut, 0.1225, 2.1293, -0.7683, -0.088319, -0.607051, 0.781512, 0.113701
cut, 0.1177, 2.1280, -0.7683, -0.089826, -0.606830, 0.781227, 0.115642
cut, 0.1128, 2.1268, -0.7683, -0.091329, -0.606606, 0.780938, 0.117575
cut, 0.1080, 2.1256, -0.7682, -0.092825, -0.606379, 0.780646, 0.119503
cut, 0.1032, 2.1243, -0.7682, -0.094317, -0.606148, 0.780349, 0.121423
cut, 0.0983, 2.1231, -0.7682, -0.095804, -0.605915, 0.780049, 0.123337
cut, 0.0935, 2.1218, -0.7682, -0.097285, -0.605679, 0.779745, 0.125244
cut, 0.0886, 2.1206, -0.7682, -0.098761, -0.605440, 0.779438, 0.127144
cut, 0.0838, 2.1194, -0.7682, -0.100232, -0.605198, 0.779126, 0.129037
cut, 0.0789, 2.1181, -0.7682, -0.101697, -0.604954, 0.778812, 0.130923
cut, 0.0741, 2.1169, -0.7682, -0.103156, -0.604707, 0.778493, 0.132802
cut, 0.0692, 2.1157, -0.7682, -0.104610, -0.604457, 0.778172, 0.134674
cut, 0.0644, 2.1144, -0.7682, -0.106059, -0.604204, 0.777847, 0.136539
cut, 0.0596, 2.1132, -0.7682, -0.107502, -0.603949, 0.777518, 0.138397
cut, 0.0547, 2.1120, -0.7682, -0.108939, -0.603692, 0.777187, 0.140247
cut, 0.0499, 2.1107, -0.7682, -0.110371, -0.603432, 0.776852, 0.142090
cut, 0.0450, 2.1095, -0.7682, -0.111796, -0.603169, 0.776514, 0.143926
cut, 0.0402, 2.1082, -0.7681, -0.113216, -0.602904, 0.776173, 0.145754
cut, 0.0353, 2.1070, -0.7681, -0.114631, -0.602637, 0.775829, 0.147574
cut, 0.0305, 2.1058, -0.7681, -0.116039, -0.602367, 0.775482, 0.149387
cut, 0.0256, 2.1045, -0.7681, -0.117441, -0.602096, 0.775132, 0.151193
cut, 0.0208, 2.1033, -0.7681, -0.118838, -0.601821, 0.774779, 0.152991
cut, 0.0160, 2.1021, -0.7681, -0.120229, -0.601545, 0.774423, 0.154781
cut, 0.0111, 2.1008, -0.7681, -0.121613, -0.601267, 0.774065, 0.156564
cut, 0.0063, 2.0996, -0.7681, -0.122992, -0.600986, 0.773704, 0.158339
cut, 0.0014, 2.0983, -0.7681, -0.124365, -0.600704, 0.773340, 0.160106
cut, -0.0034, 2.0971, -0.7681, -0.125731, -0.600419, 0.772974, 0.161865
cut, -0.0083, 2.0959, -0.7681, -0.127092, -0.600133, 0.772605, 0.163617
cut, -0.0131, 2.0946, -0.7681, -0.128446, -0.599844, 0.772233, 0.165360
cut, -0.0180, 2.0934, -0.7681, -0.129794, -0.599554, 0.771860, 0.167096
cut, -0.0228, 2.0922, -0.7681, -0.131137, -0.599262, 0.771484, 0.168824
cut, -0.0276, 2.0909, -0.7680, -0.132473, -0.598968, 0.771105, 0.170544
cut, -0.0325, 2.0897, -0.7680, -0.133802, -0.598672, 0.770725, 0.172256
cut, -0.0373, 2.0884, -0.7680, -0.135126, -0.598375, 0.770342, 0.173960
cut, -0.0422, 2.0872, -0.7680, -0.136443, -0.598076, 0.769957, 0.175656
cut, -0.0470, 2.0860, -0.7680, -0.137755, -0.597775, 0.769570, 0.177344
cut, -0.0519, 2.0847, -0.7680, -0.139060, -0.597473, 0.769181, 0.179024
cut, -0.0567, 2.0835, -0.7680, -0.140358, -0.597169, 0.768790, 0.180696
cut, -0.0616, 2.0823, -0.7680, -0.141651, -0.596864, 0.768397, 0.182360
cut, -0.0664, 2.0810, -0.7680, -0.142937, -0.596557, 0.768002, 0.184016
cut, -0.0712, 2.0798, -0.7680, -0.144217, -0.596249, 0.767605, 0.185664
cut, -0.0761, 2.0786, -0.7680, -0.145491, -0.595940, 0.767207, 0.187303
cut, -0.0809, 2.0773, -0.7680, -0.146758, -0.595629, 0.766806, 0.188935
cut, -0.0858, 2.0761, -0.7680, -0.148019, -0.595317, 0.766405, 0.190558
cut, -0.0906, 2.0748, -0.7680, -0.149274, -0.595003, 0.766001, 0.192174
cut, -0.0955, 2.0736, -0.7679, -0.150522, -0.594689, 0.765596, 0.193781
cut, -0.1003, 2.0724, -0.7679, -0.151765, -0.594373, 0.765190, 0.195380
cut, -0.1052, 2.0711, -0.7679, -0.153000, -0.594056, 0.764782, 0.196971
cut, -0.1100, 2.0699, -0.7679, -0.154230, -0.593738, 0.764372, 0.198554
cut, -0.1148, 2.0687, -0.7679, -0.155453, -0.593419, 0.763961, 0.200129
cut, -0.1197, 2.0674, -0.7679, -0.156670, -0.593099, 0.763549, 0.201696
cut, -0.1245, 2.0662, -0.7679, -0.157881, -0.592778, 0.763136, 0.203254
cut, -0.1294, 2.0649, -0.7679, -0.159085, -0.592455, 0.762721, 0.204805
cut, -0.1342, 2.0637, -0.7679, -0.160283, -0.592132, 0.762305, 0.206347
cut, -0.1391, 2.0625, -0.7679, -0.161475, -0.591809, 0.761888, 0.207882
cut, -0.1439, 2.0612, -0.7679, -0.162661, -0.591484, 0.761470, 0.209408
cut, -0.1488, 2.0600, -0.7679, -0.163840, -0.591158, 0.761051, 0.210926
cut, -0.1536, 2.0588, -0.7679, -0.165013, -0.590832, 0.760631, 0.212436
cut, -0.1585, 2.0575, -0.7679, -0.166180, -0.590505, 0.760210, 0.213938
cut, -0.1633, 2.0563, -0.7678, -0.167340, -0.590177, 0.759788, 0.215432
cut, -0.1681, 2.0551, -0.7678, -0.168494, -0.589848, 0.759365, 0.216918
cut, -0.1730, 2.0538, -0.7678, -0.169642, -0.589519, 0.758941, 0.218396
cut, -0.1778, 2.0526, -0.7678, -0.170784, -0.589190, 0.758517, 0.219866
cut, -0.1827, 2.0513, -0.7678, -0.171920, -0.588859, 0.758091, 0.221328
cut, -0.1875, 2.0501, -0.7678, -0.173049, -0.588528, 0.757665, 0.222781
cut, -0.1924, 2.0489, -0.7678, -0.174172, -0.588197, 0.757239, 0.224227
cut, -0.1972, 2.0476, -0.7678, -0.175289, -0.587865, 0.756811, 0.225665
cut, -0.2021, 2.0464, -0.7678, -0.176400, -0.587533, 0.756384, 0.227096
cut, -0.2069, 2.0452, -0.7678, -0.177505, -0.587200, 0.755955, 0.228518
cut, -0.2117, 2.0439, -0.7678, -0.178603, -0.586867, 0.755526, 0.229932
cut, -0.2166, 2.0427, -0.7678, -0.179696, -0.586533, 0.755097, 0.231338
cut, -0.2214, 2.0414, -0.7678, -0.180782, -0.586199, 0.754667, 0.232737
cut, -0.2263, 2.0402, -0.7678, -0.181862, -0.585865, 0.754236, 0.234128
cut, -0.2311, 2.0390, -0.7677, -0.182937, -0.585530, 0.753806, 0.235511
cut, -0.2360, 2.0377, -0.7677, -0.184005, -0.585196, 0.753375, 0.236886
cut, -0.2408, 2.0365, -0.7677, -0.185067, -0.584860, 0.752943, 0.238253
cut, -0.2457, 2.0353, -0.7677, -0.186123, -0.584525, 0.752512, 0.239613
cut, -0.2505, 2.0340, -0.7677, -0.187173, -0.584190, 0.752080, 0.240965
cut, -0.2553, 2.0328, -0.7677, -0.188218, -0.583854, 0.751648, 0.242310
cut, -0.2602, 2.0316, -0.7677, -0.189256, -0.583518, 0.751216, 0.243646
cut, -0.2650, 2.0303, -0.7677, -0.190288, -0.583183, 0.750783, 0.244975
cut, -0.2699, 2.0291, -0.7677, -0.191315, -0.582847, 0.750351, 0.246297
cut, -0.2747, 2.0278, -0.7677, -0.192335, -0.582511, 0.749918, 0.247611
cut, -0.2796, 2.0266, -0.7677, -0.193350, -0.582175, 0.749486, 0.248917
cut, -0.2844, 2.0254, -0.7677, -0.194359, -0.581839, 0.749053, 0.250216
cut, -0.2893, 2.0241, -0.7677, -0.195362, -0.581503, 0.748620, 0.251507
cut, -0.2941, 2.0229, -0.7676, -0.196359, -0.581167, 0.748188, 0.252791
cut, -0.2989, 2.0217, -0.7676, -0.197351, -0.580831, 0.747755, 0.254068
cut, -0.3038, 2.0204, -0.7676, -0.198337, -0.580495, 0.747323, 0.255337
cut, -0.3086, 2.0192, -0.7676, -0.199317, -0.580159, 0.746891, 0.256598
cut, -0.3135, 2.0179, -0.7676, -0.200291, -0.579823, 0.746459, 0.257853
cut, -0.3183, 2.0167, -0.7676, -0.201260, -0.579488, 0.746027, 0.259100
cut, -0.3232, 2.0155, -0.7676, -0.202223, -0.579152, 0.745595, 0.260340
cut, -0.3280, 2.0142, -0.7676, -0.203180, -0.578817, 0.745163, 0.261572
cut, -0.3329, 2.0130, -0.7676, -0.204132, -0.578482, 0.744732, 0.262798
cut, -0.3377, 2.0118, -0.7676, -0.205078, -0.578147, 0.744301, 0.264016
cut, -0.3425, 2.0105, -0.7676, -0.206019, -0.577813, 0.743870, 0.265227
cut, -0.3474, 2.0093, -0.7676, -0.206954, -0.577479, 0.743440, 0.266431
cut, -0.3522, 2.0081, -0.7676, -0.207884, -0.577145, 0.743010, 0.267628
cut, -0.3571, 2.0068, -0.7676, -0.208808, -0.576811, 0.742580, 0.268818
cut, -0.3619, 2.0056, -0.7675, -0.209727, -0.576477, 0.742151, 0.270001
cut, -0.3668, 2.0043, -0.7675, -0.210641, -0.576144, 0.741722, 0.271176
cut, -0.3716, 2.0031, -0.7675, -0.211549, -0.575811, 0.741294, 0.272345
cut, -0.3765, 2.0019, -0.7675, -0.212451, -0.575479, 0.740866, 0.273507
cut, -0.3813, 2.0006, -0.7675, -0.213348, -0.575147, 0.740438, 0.274663
cut, -0.3861, 1.9994, -0.7675, -0.214240, -0.574815, 0.740011, 0.275811
cut, -0.3910, 1.9982, -0.7675, -0.215127, -0.574484, 0.739585, 0.276953
cut, -0.3958, 1.9969, -0.7675, -0.216009, -0.574153, 0.739159, 0.278087
cut, -0.4007, 1.9957, -0.7675, -0.216885, -0.573823, 0.738733, 0.279215
cut, -0.4055, 1.9944, -0.7675, -0.217756, -0.573493, 0.738309, 0.280337
cut, -0.4104, 1.9932, -0.7675, -0.218622, -0.573163, 0.737884, 0.281452
cut, -0.4152, 1.9920, -0.7675, -0.219483, -0.572834, 0.737461, 0.282560
cut, -0.4201, 1.9907, -0.7675, -0.220338, -0.572506, 0.737038, 0.283661
cut, -0.4249, 1.9895, -0.7675, -0.221189, -0.572177, 0.736615, 0.284756
cut, -0.4297, 1.9883, -0.7674, -0.222034, -0.571850, 0.736194, 0.285845
cut, -0.4346, 1.9870, -0.7674, -0.222875, -0.571523, 0.735773, 0.286927
cut, -0.4394, 1.9858, -0.7674, -0.223710, -0.571196, 0.735352, 0.288002
cut, -0.4443, 1.9846, -0.7674, -0.224541, -0.570870, 0.734933, 0.289072
cut, -0.4491, 1.9833, -0.7674, -0.225366, -0.570545, 0.734514, 0.290134
cut, -0.4540, 1.9821, -0.7674, -0.226187, -0.570220, 0.734096, 0.291191
cut, -0.4588, 1.9808, -0.7674, -0.227003, -0.569896, 0.733678, 0.292241
cut, -0.4637, 1.9796, -0.7674, -0.227814, -0.569572, 0.733261, 0.293285
cut, -0.4685, 1.9784, -0.7674, -0.228620, -0.569249, 0.732845, 0.294323
cut, -0.4733, 1.9771, -0.7674, -0.229421, -0.568927, 0.732430, 0.295354
cut, -0.4782, 1.9759, -0.7674, -0.230218, -0.568605, 0.732016, 0.296380
cut, -0.4830, 1.9747, -0.7674, -0.231009, -0.568284, 0.731603, 0.297399
cut, -0.4879, 1.9734, -0.7674, -0.231796, -0.567963, 0.731190, 0.298412
cut, -0.4927, 1.9722, -0.7674, -0.232579, -0.567643, 0.730778, 0.299419
cut, -0.4976, 1.9709, -0.7673, -0.233356, -0.567324, 0.730367, 0.300421
cut, -0.5024, 1.9697, -0.7673, -0.234129, -0.567005, 0.729957, 0.301416
cut, -0.5073, 1.9685, -0.7673, -0.234898, -0.566687, 0.729548, 0.302405
cut, -0.5121, 1.9672, -0.7673, -0.235662, -0.566370, 0.729139, 0.303389
cut, -0.5170, 1.9660, -0.7673, -0.236421, -0.566054, 0.728732, 0.304366
cut, -0.5218, 1.9648, -0.7673, -0.237176, -0.565738, 0.728325, 0.305338
cut, -0.5266, 1.9635, -0.7673, -0.237926, -0.565423, 0.727919, 0.306304
cut, -0.5315, 1.9623, -0.7673, -0.238672, -0.565108, 0.727514, 0.307264
cut, -0.5363, 1.9611, -0.7673, -0.239413, -0.564794, 0.727111, 0.308218
cut, -0.5412, 1.9598, -0.7673, -0.240150, -0.564482, 0.726708, 0.309167
cut, -0.5460, 1.9586, -0.7673, -0.240883, -0.564169, 0.726306, 0.310110
cut, -0.5509, 1.9573, -0.7673, -0.241611, -0.563858, 0.725905, 0.311048
cut, -0.5557, 1.9561, -0.7673, -0.242335, -0.563547, 0.725505, 0.311980
cut, -0.5606, 1.9549, -0.7673, -0.243055, -0.563237, 0.725106, 0.312906
cut, -0.5654, 1.9536, -0.7672, -0.243770, -0.562928, 0.724707, 0.313827
cut, -0.5702, 1.9524, -0.7672, -0.244481, -0.562619, 0.724310, 0.314743
cut, -0.5751, 1.9512, -0.7672, -0.245188, -0.562312, 0.723914, 0.315653
cut, -0.5799, 1.9499, -0.7672, -0.245891, -0.562005, 0.723519, 0.316557
cut, -0.5848, 1.9487, -0.7672, -0.246589, -0.561699, 0.723125, 0.317457
cut, -0.5896, 1.9474, -0.7672, -0.247284, -0.561393, 0.722732, 0.318351
cut, -0.5945, 1.9462, -0.7672, -0.247974, -0.561089, 0.722340, 0.319239
cut, -0.5993, 1.9450, -0.7672, -0.248660, -0.560785, 0.721949, 0.320123
cut, -0.6042, 1.9437, -0.7672, -0.249343, -0.560482, 0.721559, 0.321001
cut, -0.6090, 1.9425, -0.7672, -0.250021, -0.560180, 0.721170, 0.321874
cut, -0.6138, 1.9413, -0.7672, -0.250695, -0.559878, 0.720782, 0.322742
cut, -0.6187, 1.9400, -0.7672, -0.251365, -0.559578, 0.720395, 0.323605
cut, -0.6235, 1.9388, -0.7672, -0.252031, -0.559278, 0.720009, 0.324462
cut, -0.6284, 1.9375, -0.7672, -0.252693, -0.558979, 0.719624, 0.325315
cut, -0.6332, 1.9363, -0.7671, -0.253352, -0.558681, 0.719240, 0.326163
cut, -0.6381, 1.9351, -0.7671, -0.254006, -0.558384, 0.718857, 0.327005
cut, -0.6429, 1.9338, -0.7671, -0.254657, -0.558087, 0.718476, 0.327843
cut, -0.6478, 1.9326, -0.7671, -0.255304, -0.557792, 0.718095, 0.328676
cut, -0.6526, 1.9314, -0.7671, -0.255947, -0.557497, 0.717716, 0.329503
cut, -0.6574, 1.9301, -0.7671, -0.256586, -0.557203, 0.717337, 0.330326
cut, -0.6623, 1.9289, -0.7671, -0.257222, -0.556910, 0.716960, 0.331145
cut, -0.6671, 1.9277, -0.7671, -0.257853, -0.556618, 0.716584, 0.331958
cut, -0.6720, 1.9264, -0.7671, -0.258482, -0.556326, 0.716209, 0.332767
cut, -0.6768, 1.9252, -0.7671, -0.259106, -0.556036, 0.715835, 0.333570
cut, -0.6817, 1.9239, -0.7671, -0.259727, -0.555746, 0.715462, 0.334370
cut, -0.6865, 1.9227, -0.7671, -0.260344, -0.555457, 0.715090, 0.335164
cut, -0.6914, 1.9215, -0.7671, -0.260958, -0.555169, 0.714719, 0.335954
cut, -0.6962, 1.9202, -0.7671, -0.261568, -0.554882, 0.714349, 0.336739
cut, -0.7010, 1.9190, -0.7670, -0.262174, -0.554596, 0.713981, 0.337520
cut, -0.7059, 1.9178, -0.7670, -0.262777, -0.554310, 0.713613, 0.338296
cut, -0.7107, 1.9165, -0.7670, -0.263376, -0.554026, 0.713247, 0.339068
cut, -0.7156, 1.9153, -0.7670, -0.263972, -0.553742, 0.712882, 0.339835
cut, -0.7204, 1.9140, -0.7670, -0.264565, -0.553459, 0.712518, 0.340598
cut, -0.7239, 1.9132, -0.7670, -0.264988, -0.553257, 0.712257, 0.341142
cut, -0.7239, 1.6699, -0.7670, -0.264988, -0.553257, 0.712257, 0.341142
cut, -0.7239, 1.6684, -0.7623, -0.262801, -0.554299, 0.713599, 0.338327
cut, -0.7239, 1.6668, -0.7575, -0.260567, -0.555353, 0.714955, 0.335451
cut, -0.7239, 1.6652, -0.7528, -0.258284, -0.556418, 0.716327, 0.332513
cut, -0.7239, 1.6636, -0.7480, -0.255952, -0.557494, 0.717713, 0.329510
cut, -0.7239, 1.6620, -0.7433, -0.253569, -0.558582, 0.719113, 0.326442
cut, -0.7239, 1.6604, -0.7386, -0.251134, -0.559682, 0.720528, 0.323307
cut, -0.7239, 1.6589, -0.7338, -0.248645, -0.560792, 0.721957, 0.320103
cut, -0.7239, 1.6573, -0.7291, -0.246101, -0.561913, 0.723401, 0.316828
cut, -0.7239, 1.6557, -0.7243, -0.243501, -0.563044, 0.724857, 0.313481
cut, -0.7239, 1.6541, -0.7196, -0.240844, -0.564186, 0.726327, 0.310060
cut, -0.7239, 1.6525, -0.7148, -0.238127, -0.565338, 0.727810, 0.306563
cut, -0.7239, 1.6509, -0.7101, -0.235351, -0.566499, 0.729306, 0.302988
cut, -0.7239, 1.6493, -0.7054, -0.232512, -0.567670, 0.730813, 0.299334
cut, -0.7239, 1.6478, -0.7006, -0.229611, -0.568850, 0.732332, 0.295599
cut, -0.7239, 1.6462, -0.6959, -0.226645, -0.570038, 0.733861, 0.291781
cut, -0.7239, 1.6446, -0.6911, -0.223613, -0.571234, 0.735401, 0.287878
cut, -0.7239, 1.6430, -0.6864, -0.220515, -0.572438, 0.736950, 0.283888
cut, -0.7239, 1.6414, -0.6817, -0.217347, -0.573648, 0.738508, 0.279810
cut, -0.7239, 1.6398, -0.6769, -0.214109, -0.574864, 0.740074, 0.275642
cut, -0.7239, 1.6383, -0.6722, -0.210800, -0.576086, 0.741647, 0.271382
cut, -0.7239, 1.6367, -0.6674, -0.207418, -0.577312, 0.743226, 0.267028
cut, -0.7239, 1.6351, -0.6627, -0.203963, -0.578542, 0.744809, 0.262579
cut, -0.7239, 1.6335, -0.6579, -0.200431, -0.579775, 0.746396, 0.258033
cut, -0.7239, 1.6319, -0.6532, -0.196823, -0.581010, 0.747986, 0.253388
cut, -0.7239, 1.6303, -0.6485, -0.193138, -0.582245, 0.749576, 0.248643
cut, -0.7239, 1.6287, -0.6437, -0.189373, -0.583480, 0.751167, 0.243797
cut, -0.7239, 1.6272, -0.6390, -0.185528, -0.584714, 0.752755, 0.238847
cut, -0.7239, 1.6256, -0.6342, -0.181603, -0.585945, 0.754340, 0.233793
cut, -0.7239, 1.6240, -0.6295, -0.177595, -0.587173, 0.755920, 0.228634
cut, -0.7239, 1.6224, -0.6247, -0.173504, -0.588394, 0.757493, 0.223368
cut, -0.7239, 1.6208, -0.6200, -0.169330, -0.589609, 0.759057, 0.217994
cut, -0.7239, 1.6192, -0.6153, -0.165072, -0.590815, 0.760610, 0.212512
cut, -0.7239, 1.6176, -0.6105, -0.160729, -0.592012, 0.762150, 0.206921
cut, -0.7239, 1.6161, -0.6058, -0.156302, -0.593196, 0.763674, 0.201221
cut, -0.7239, 1.6145, -0.6010, -0.151789, -0.594367, 0.765182, 0.195411
cut, -0.7239, 1.6129, -0.5963, -0.147191, -0.595522, 0.766669, 0.189492
cut, -0.7239, 1.6113, -0.5915, -0.142507, -0.596660, 0.768134, 0.183463
cut, -0.7239, 1.6097, -0.5868, -0.137739, -0.597779, 0.769574, 0.177324
cut, -0.7239, 1.6081, -0.5821, -0.132887, -0.598876, 0.770987, 0.171078
cut, -0.7239, 1.6066, -0.5773, -0.127951, -0.599950, 0.772369, 0.164723
cut, -0.7239, 1.6050, -0.5726, -0.122933, -0.600998, 0.773719, 0.158263
cut, -0.7239, 1.6034, -0.5678, -0.117833, -0.602019, 0.775033, 0.151697
cut, -0.7239, 1.6018, -0.5631, -0.112653, -0.603010, 0.776309, 0.145029
cut, -0.7239, 1.6002, -0.5584, -0.107395, -0.603968, 0.777543, 0.138260
cut, -0.7239, 1.5986, -0.5536, -0.102061, -0.604893, 0.778733, 0.131392
cut, -0.7239, 1.5970, -0.5489, -0.096652, -0.605781, 0.779876, 0.124428
cut, -0.7239, 1.5955, -0.5441, -0.091171, -0.606630, 0.780969, 0.117372
cut, -0.7239, 1.5939, -0.5394, -0.085621, -0.607438, 0.782009, 0.110227
cut, -0.7239, 1.5923, -0.5346, -0.080004, -0.608203, 0.782994, 0.102997
cut, -0.7239, 1.5907, -0.5299, -0.074325, -0.608923, 0.783921, 0.095685
cut, -0.7239, 1.5891, -0.5252, -0.068586, -0.609596, 0.784788, 0.088297
cut, -0.7239, 1.5875, -0.5204, -0.062791, -0.610220, 0.785591, 0.080836
cut, -0.7239, 1.5860, -0.5157, -0.056944, -0.610794, 0.786330, 0.073309
cut, -0.7239, 1.5844, -0.5109, -0.051050, -0.611315, 0.787000, 0.065721
cut, -0.7239, 1.5828, -0.5062, -0.045112, -0.611781, 0.787601, 0.058077
cut, -0.7239, 1.5812, -0.5014, -0.039135, -0.612193, 0.788131, 0.050383
cut, -0.7239, 1.5796, -0.4967, -0.033125, -0.612547, 0.788587, 0.042645
cut, -0.7239, 1.5780, -0.4920, -0.027086, -0.612844, 0.788969, 0.034870
cut, -0.7239, 1.5764, -0.4872, -0.021023, -0.613082, 0.789276, 0.027065
cut, -0.7239, 1.5749, -0.4825, -0.014941, -0.613260, 0.789505, 0.019235
cut, -0.7239, 1.5733, -0.4777, -0.008846, -0.613379, 0.789657, 0.011389
cut, -0.7239, 1.5717, -0.4730, -0.002744, -0.613436, 0.789732, 0.003532
cut, -0.7239, 1.5710, -0.4709, 0.000000, -0.613442, 0.789739, 0.000000
