bbox, 209.2779, 7424.8696, -3101.8853, 1737.4181, 725.7474, 1045.6676
cut, 1.0037, 2.6117, -0.3903, 0.000000, -0.613442, 0.789739, 0.000000
cut, 1.0037, 2.6103, -0.3951, 0.005524, -0.613418, 0.789707, -0.007112
cut, 1.0037, 2.6090, -0.3999, 0.011045, -0.613343, 0.789611, -0.014219
cut, 1.0037, 2.6076, -0.4048, 0.016557, -0.613219, 0.789452, -0.021316
cut, 1.0037, 2.6063, -0.4096, 0.022058, -0.613046, 0.789229, -0.028397
cut, 1.0037, 2.6050, -0.4144, 0.027542, -0.612824, 0.788943, -0.035457
cut, 1.0037, 2.6036, -0.4192, 0.033007, -0.612554, 0.788595, -0.042492
cut, 1.0037, 2.6023, -0.4240, 0.038448, -0.612236, 0.788187, -0.049497
cut, 1.0037, 2.6009, -0.4288, 0.043861, -0.611872, 0.787718, -0.056467
cut, 1.0037, 2.5996, -0.4337, 0.049244, -0.611463, 0.787191, -0.063397
cut, 1.0037, 2.5983, -0.4385, 0.054593, -0.611008, 0.786606, -0.070282
cut, 1.0037, 2.5969, -0.4433, 0.059904, -0.610511, 0.785965, -0.077119
cut, 1.0037, 2.5956, -0.4481, 0.065174, -0.609970, 0.785270, -0.083904
cut, 1.0037, 2.5942, -0.4529, 0.070400, -0.609389, 0.784522, -0.090632
cut, 1.0037, 2.5929, -0.4577, 0.075579, -0.608769, 0.783723, -0.097300
cut, 1.0037, 2.5916, -0.4626, 0.080709, -0.608110, 0.782874, -0.103904
cut, 1.0037, 2.5902, -0.4674, 0.085787, -0.607414, 0.781979, -0.110442
cut, 1.0037, 2.5889, -0.4722, 0.090811, -0.606684, 0.781038, -0.116909
cut, 1.0037, 2.5875, -0.4770, 0.095778, -0.605919, 0.780054, -0.123304
cut, 1.0037, 2.5862, -0.4818, 0.100687, -0.605123, 0.779029, -0.129623
cut, 1.0037, 2.5849, -0.4866, 0.105535, -0.604296, 0.777965, -0.135865
cut, 1.0037, 2.5835, -0.4915, 0.110321, -0.603441, 0.776864, -0.142026
cut, 1.0037, 2.5822, -0.4963, 0.115044, -0.602558, 0.775727, -0.148106
cut, 1.0037, 2.5808, -0.5011, 0.119702, -0.601650, 0.774558, -0.154103
cut, 1.0037, 2.5795, -0.5059, 0.124294, -0.600718, 0.773359, -0.160014
cut, 1.0037, 2.5781, -0.5107, 0.128819, -0.599764, 0.772131, -0.165840
cut, 1.0037, 2.5768, -0.5155, 0.133276, -0.598790, 0.770876, -0.171578
cut, 1.0037, 2.5755, -0.5204, 0.137664, -0.597796, 0.769597, -0.177228
cut, 1.0037, 2.5741, -0.5252, 0.141984, -0.596785, 0.768295, -0.182789
cut, 1.0037, 2.5728, -0.5300, 0.146234, -0.595758, 0.766972, -0.188260
cut, 1.0037, 2.5714, -0.5348, 0.150415, -0.594716, 0.765631, -0.193642
cut, 1.0037, 2.5701, -0.5396, 0.154526, -0.593661, 0.764273, -0.198935
cut, 1.0037, 2.5688, -0.5445, 0.158567, -0.592594, 0.762900, -0.204137
cut, 1.0037, 2.5674, -0.5493, 0.162538, -0.591518, 0.761514, -0.209250
cut, 1.0037, 2.5661, -0.5541, 0.166440, -0.590431, 0.760115, -0.214273
cut, 1.0037, 2.5647, -0.5589, 0.170273, -0.589338, 0.758707, -0.219207
cut, 1.0037, 2.5634, -0.5637, 0.174037, -0.588237, 0.757290, -0.224053
cut, 1.0037, 2.5621, -0.5685, 0.177732, -0.587131, 0.755866, -0.228811
cut, 1.0037, 2.5607, -0.5734, 0.181360, -0.586021, 0.754437, -0.233481
cut, 1.0037, 2.5594, -0.5782, 0.184921, -0.584907, 0.753003, -0.238065
cut, 1.0037, 2.5580, -0.5830, 0.188415, -0.583791, 0.751566, -0.242563
cut, 1.0037, 2.5567, -0.5878, 0.191843, -0.582673, 0.750127, -0.246977
cut, 1.0037, 2.5554, -0.5926, 0.195206, -0.581555, 0.748688, -0.251307
cut, 1.0037, 2.5540, -0.5974, 0.198506, -0.580437, 0.747249, -0.255554
cut, 1.0037, 2.5527, -0.6023, 0.201742, -0.579320, 0.745811, -0.259720
cut, 1.0037, 2.5513, -0.6071, 0.204915, -0.578205, 0.744376, -0.263806
cut, 1.0037, 2.5500, -0.6119, 0.208027, -0.577093, 0.742943, -0.267812
cut, 1.0037, 2.5487, -0.6167, 0.211079, -0.575984, 0.741515, -0.271741
cut, 1.0037, 2.5473, -0.6215, 0.214071, -0.574878, 0.740092, -0.275593
cut, 1.0037, 2.5460, -0.6263, 0.217005, -0.573777, 0.738675, -0.279370
cut, 1.0037, 2.5446, -0.6312, 0.219881, -0.572681, 0.737264, -0.283073
cut, 1.0037, 2.5433, -0.6360, 0.222701, -0.571591, 0.735860, -0.286703
cut, 1.0037, 2.5420, -0.6408, 0.225465, -0.570506, 0.734463, -0.290262
cut, 1.0037, 2.5406, -0.6456, 0.228175, -0.569427, 0.733075, -0.293750
cut, 1.0037, 2.5393, -0.6504, 0.230832, -0.568356, 0.731695, -0.297171
cut, 1.0037, 2.5379, -0.6552, 0.233436, -0.567291, 0.730325, -0.300523
cut, 1.0037, 2.5366, -0.6601, 0.235989, -0.566234, 0.728964, -0.303810
cut, 1.0037, 2.5353, -0.6649, 0.238492, -0.565184, 0.727612, -0.307032
cut, 1.0037, 2.5339, -0.6697, 0.240946, -0.564143, 0.726271, -0.310191
cut, 1.0037, 2.5326, -0.6745, 0.243351, -0.563109, 0.724941, -0.313287
cut, 1.0037, 2.5312, -0.6793, 0.245709, -0.562084, 0.723621, -0.316323
cut, 1.0037, 2.5299, -0.6841, 0.248021, -0.561068, 0.722313, -0.319300
cut, 1.0037, 2.5286, -0.6890, 0.250288, -0.560060, 0.721016, -0.322218
cut, 1.0037, 2.5272, -0.6938, 0.252511, -0.559062, 0.719730, -0.325080
cut, 1.0037, 2.5259, -0.6986, 0.254690, -0.558072, 0.718456, -0.327885
cut, 1.0037, 2.5245, -0.7034, 0.256827, -0.557092, 0.717194, -0.330637
cut, 1.0037, 2.5232, -0.7082, 0.258923, -0.556121, 0.715944, -0.333335
cut, 1.0037, 2.5219, -0.7130, 0.260978, -0.555159, 0.714707, -0.335981
cut, 1.0037, 2.5205, -0.7179, 0.262994, -0.554207, 0.713481, -0.338576
cut, 1.0037, 2.5194, -0.7219, 0.264667, -0.553410, 0.712455, -0.340730
cut, 1.0037, 2.3314, -0.7219, 0.264667, -0.553410, 0.712455, -0.340730
cut, 0.9988, 2.3302, -0.7219, 0.263954, -0.553751, 0.712893, -0.339811
cut, 0.9940, 2.3289, -0.7219, 0.263235, -0.554093, 0.713333, -0.338886
cut, 0.9891, 2.3277, -0.7219, 0.262512, -0.554436, 0.713775, -0.337955
cut, 0.9843, 2.3265, -0.7219, 0.261783, -0.554780, 0.714218, -0.337017
cut, 0.9794, 2.3252, -0.7219, 0.261049, -0.555126, 0.714663, -0.336072
cut, 0.9746, 2.3240, -0.7219, 0.260311, -0.555473, 0.715110, -0.335121
cut, 0.9698, 2.3228, -0.7219, 0.259567, -0.555821, 0.715558, -0.334163
cut, 0.9649, 2.3215, -0.7219, 0.258817, -0.556170, 0.716008, -0.333199
cut, 0.9601, 2.3203, -0.7219, 0.258062, -0.556521, 0.716459, -0.332227
cut, 0.9552, 2.3190, -0.7219, 0.257302, -0.556873, 0.716912, -0.331249
cut, 0.9504, 2.3178, -0.7219, 0.256537, -0.557226, 0.717366, -0.330263
cut, 0.9455, 2.3166, -0.7218, 0.255766, -0.557580, 0.717822, -0.329271
cut, 0.9407, 2.3153, -0.7218, 0.254990, -0.557935, 0.718280, -0.328271
cut, 0.9358, 2.3141, -0.7218, 0.254208, -0.558292, 0.718739, -0.327265
cut, 0.9310, 2.3129, -0.7218, 0.253421, -0.558650, 0.719200, -0.326251
cut, 0.9262, 2.3116, -0.7218, 0.252628, -0.559009, 0.719662, -0.325230
cut, 0.9213, 2.3104, -0.7218, 0.251829, -0.559369, 0.720126, -0.324202
cut, 0.9165, 2.3092, -0.7218, 0.251025, -0.559730, 0.720591, -0.323167
cut, 0.9116, 2.3079, -0.7218, 0.250214, -0.560093, 0.721058, -0.322124
cut, 0.9068, 2.3067, -0.7218, 0.249399, -0.560457, 0.721526, -0.321073
cut, 0.9019, 2.3054, -0.7218, 0.248577, -0.560822, 0.721996, -0.320015
cut, 0.8971, 2.3042, -0.7218, 0.247749, -0.561188, 0.722468, -0.318950
cut, 0.8922, 2.3030, -0.7218, 0.246916, -0.561555, 0.722940, -0.317876
cut, 0.8874, 2.3017, -0.7218, 0.246076, -0.561924, 0.723415, -0.316796
cut, 0.8826, 2.3005, -0.7218, 0.245230, -0.562293, 0.723891, -0.315707
cut, 0.8777, 2.2993, -0.7217, 0.244379, -0.562664, 0.724368, -0.314611
cut, 0.8729, 2.2980, -0.7217, 0.243521, -0.563036, 0.724846, -0.313506
cut, 0.8680, 2.2968, -0.7217, 0.242657, -0.563409, 0.725326, -0.312394
cut, 0.8632, 2.2955, -0.7217, 0.241787, -0.563783, 0.725808, -0.311274
cut, 0.8583, 2.2943, -0.7217, 0.240910, -0.564158, 0.726291, -0.310145
cut, 0.8535, 2.2931, -0.7217, 0.240027, -0.564534, 0.726775, -0.309009
cut, 0.8486, 2.2918, -0.7217, 0.239138, -0.564911, 0.727261, -0.307864
cut, 0.8438, 2.2906, -0.7217, 0.238243, -0.565289, 0.727748, -0.306711
cut, 0.8390, 2.2894, -0.7217, 0.237341, -0.565669, 0.728236, -0.305550
cut, 0.8341, 2.2881, -0.7217, 0.236432, -0.566049, 0.728726, -0.304380
cut, 0.8293, 2.2869, -0.7217, 0.235517, -0.566430, 0.729217, -0.303202
cut, 0.8244, 2.2857, -0.7217, 0.234595, -0.566813, 0.729709, -0.302016
cut, 0.8196, 2.2844, -0.7217, 0.233667, -0.567196, 0.730202, -0.300820
cut, 0.8147, 2.2832, -0.7217, 0.232732, -0.567580, 0.730697, -0.299617
cut, 0.8099, 2.2819, -0.7216, 0.231790, -0.567966, 0.731193, -0.298404
cut, 0.8050, 2.2807, -0.7216, 0.230841, -0.568352, 0.731690, -0.297183
cut, 0.8002, 2.2795, -0.7216, 0.229886, -0.568739, 0.732189, -0.295953
cut, 0.7954, 2.2782, -0.7216, 0.228924, -0.569127, 0.732688, -0.294714
cut, 0.7905, 2.2770, -0.7216, 0.227954, -0.569516, 0.733189, -0.293466
cut, 0.7857, 2.2758, -0.7216, 0.226978, -0.569906, 0.733691, -0.292209
cut, 0.7808, 2.2745, -0.7216, 0.225994, -0.570296, 0.734194, -0.290943
cut, 0.7760, 2.2733, -0.7216, 0.225004, -0.570688, 0.734698, -0.289668
cut, 0.7711, 2.2720, -0.7216, 0.224006, -0.571080, 0.735203, -0.288383
cut, 0.7663, 2.2708, -0.7216, 0.223001, -0.571473, 0.735709, -0.287090
cut, 0.7614, 2.2696, -0.7216, 0.221989, -0.571867, 0.736216, -0.285787
cut, 0.7566, 2.2683, -0.7216, 0.220970, -0.572262, 0.736724, -0.284475
cut, 0.7517, 2.2671, -0.7216, 0.219943, -0.572657, 0.737233, -0.283153
cut, 0.7469, 2.2659, -0.7216, 0.218909, -0.573054, 0.737743, -0.281821
cut, 0.7421, 2.2646, -0.7215, 0.217868, -0.573450, 0.738254, -0.280481
cut, 0.7372, 2.2634, -0.7215, 0.216819, -0.573848, 0.738766, -0.279130
cut, 0.7324, 2.2622, -0.7215, 0.215762, -0.574246, 0.739278, -0.277770
cut, 0.7275, 2.2609, -0.7215, 0.214698, -0.574645, 0.739792, -0.276400
cut, 0.7227, 2.2597, -0.7215, 0.213626, -0.575044, 0.740306, -0.275020
cut, 0.7178, 2.2584, -0.7215, 0.212546, -0.575444, 0.740820, -0.273630
cut, 0.7130, 2.2572, -0.7215, 0.211459, -0.575844, 0.741336, -0.272230
cut, 0.7081, 2.2560, -0.7215, 0.210364, -0.576245, 0.741852, -0.270821
cut, 0.7033, 2.2547, -0.7215, 0.209261, -0.576647, 0.742369, -0.269401
cut, 0.6985, 2.2535, -0.7215, 0.208151, -0.577048, 0.742886, -0.267971
cut, 0.6936, 2.2523, -0.7215, 0.207032, -0.577451, 0.743404, -0.266531
cut, 0.6888, 2.2510, -0.7215, 0.205905, -0.577853, 0.743923, -0.265081
cut, 0.6839, 2.2498, -0.7215, 0.204771, -0.578256, 0.744441, -0.263620
cut, 0.6791, 2.2485, -0.7214, 0.203628, -0.578660, 0.744961, -0.262149
cut, 0.6742, 2.2473, -0.7214, 0.202477, -0.579063, 0.745480, -0.260667
cut, 0.6694, 2.2461, -0.7214, 0.201318, -0.579467, 0.746000, -0.259175
cut, 0.6645, 2.2448, -0.7214, 0.200151, -0.579872, 0.746521, -0.257673
cut, 0.6597, 2.2436, -0.7214, 0.198976, -0.580276, 0.747041, -0.256160
cut, 0.6549, 2.2424, -0.7214, 0.197792, -0.580680, 0.747562, -0.254636
cut, 0.6500, 2.2411, -0.7214, 0.196600, -0.581085, 0.748083, -0.253101
cut, 0.6452, 2.2399, -0.7214, 0.195400, -0.581490, 0.748604, -0.251556
cut, 0.6403, 2.2386, -0.7214, 0.194192, -0.581895, 0.749125, -0.250000
cut, 0.6355, 2.2374, -0.7214, 0.192974, -0.582299, 0.749646, -0.248433
cut, 0.6306, 2.2362, -0.7214, 0.191749, -0.582704, 0.750167, -0.246855
cut, 0.6258, 2.2349, -0.7214, 0.190515, -0.583109, 0.750688, -0.245267
cut, 0.6209, 2.2337, -0.7214, 0.189272, -0.583513, 0.751209, -0.243667
cut, 0.6161, 2.2325, -0.7214, 0.188021, -0.583918, 0.751730, -0.242056
cut, 0.6113, 2.2312, -0.7213, 0.186761, -0.584322, 0.752250, -0.240434
cut, 0.6064, 2.2300, -0.7213, 0.185492, -0.584726, 0.752770, -0.238801
cut, 0.6016, 2.2288, -0.7213, 0.184215, -0.585129, 0.753290, -0.237157
cut, 0.5967, 2.2275, -0.7213, 0.182929, -0.585533, 0.753809, -0.235501
cut, 0.5919, 2.2263, -0.7213, 0.181634, -0.585936, 0.754328, -0.233834
cut, 0.5870, 2.2250, -0.7213, 0.180331, -0.586338, 0.754846, -0.232156
cut, 0.5822, 2.2238, -0.7213, 0.179018, -0.586740, 0.755363, -0.230466
cut, 0.5773, 2.2226, -0.7213, 0.177697, -0.587142, 0.755880, -0.228765
cut, 0.5725, 2.2213, -0.7213, 0.176367, -0.587543, 0.756396, -0.227053
cut, 0.5677, 2.2201, -0.7213, 0.175028, -0.587943, 0.756912, -0.225329
cut, 0.5628, 2.2189, -0.7213, 0.173680, -0.588342, 0.757426, -0.223594
cut, 0.5580, 2.2176, -0.7213, 0.172323, -0.588741, 0.757940, -0.221847
cut, 0.5531, 2.2164, -0.7213, 0.170957, -0.589139, 0.758452, -0.220089
cut, 0.5483, 2.2151, -0.7213, 0.169582, -0.589537, 0.758963, -0.218318
cut, 0.5434, 2.2139, -0.7212, 0.168198, -0.589933, 0.759474, -0.216537
cut, 0.5386, 2.2127, -0.7212, 0.166805, -0.590328, 0.759983, -0.214744
cut, 0.5337, 2.2114, -0.7212, 0.165403, -0.590723, 0.760490, -0.212939
cut, 0.5289, 2.2102, -0.7212, 0.163992, -0.591116, 0.760997, -0.211122
cut, 0.5241, 2.2090, -0.7212, 0.162572, -0.591508, 0.761502, -0.209293
cut, 0.5192, 2.2077, -0.7212, 0.161143, -0.591899, 0.762005, -0.207453
cut, 0.5144, 2.2065, -0.7212, 0.159704, -0.592289, 0.762507, -0.205602
cut, 0.5095, 2.2053, -0.7212, 0.158257, -0.592677, 0.763007, -0.203738
cut, 0.5047, 2.2040, -0.7212, 0.156800, -0.593064, 0.763505, -0.201863
cut, 0.4998, 2.2028, -0.7212, 0.155334, -0.593450, 0.764001, -0.199976
cut, 0.4950, 2.2015, -0.7212, 0.153859, -0.593834, 0.764496, -0.198077
cut, 0.4901, 2.2003, -0.7212, 0.152375, -0.594217, 0.764988, -0.196166
cut, 0.4853, 2.1991, -0.7212, 0.150882, -0.594598, 0.765479, -0.194244
cut, 0.4805, 2.1978, -0.7212, 0.149379, -0.594977, 0.765967, -0.192309
cut, 0.4756, 2.1966, -0.7211, 0.147868, -0.595354, 0.766453, -0.190363
cut, 0.4708, 2.1954, -0.7211, 0.146347, -0.595730, 0.766937, -0.188406
cut, 0.4659, 2.1941, -0.7211, 0.144817, -0.596104, 0.767418, -0.186436
cut, 0.4611, 2.1929, -0.7211, 0.143278, -0.596475, 0.767896, -0.184455
cut, 0.4562, 2.1916, -0.7211, 0.141730, -0.596845, 0.768372, -0.182462
cut, 0.4514, 2.1904, -0.7211, 0.140173, -0.597213, 0.768846, -0.180458
cut, 0.4465, 2.1892, -0.7211, 0.138607, -0.597578, 0.769316, -0.178441
cut, 0.4417, 2.1879, -0.7211, 0.137032, -0.597941, 0.769784, -0.176413
cut, 0.4369, 2.1867, -0.7211, 0.135447, -0.598302, 0.770248, -0.174374
cut, 0.4320, 2.1855, -0.7211, 0.133854, -0.598661, 0.770710, -0.172322
cut, 0.4272, 2.1842, -0.7211, 0.132252, -0.599017, 0.771168, -0.170260
cut, 0.4223, 2.1830, -0.7211, 0.130641, -0.599370, 0.771623, -0.168185
cut, 0.4175, 2.1818, -0.7211, 0.129020, -0.599721, 0.772075, -0.166100
cut, 0.4126, 2.1805, -0.7211, 0.127391, -0.600069, 0.772523, -0.164002
cut, 0.4078, 2.1793, -0.7210, 0.125754, -0.600415, 0.772968, -0.161894
cut, 0.4029, 2.1780, -0.7210, 0.124107, -0.600757, 0.773409, -0.159774
cut, 0.3981, 2.1768, -0.7210, 0.122451, -0.601097, 0.773846, -0.157643
cut, 0.3932, 2.1756, -0.7210, 0.120787, -0.601433, 0.774279, -0.155500
cut, 0.3884, 2.1743, -0.7210, 0.119114, -0.601767, 0.774709, -0.153347
cut, 0.3836, 2.1731, -0.7210, 0.117433, -0.602097, 0.775134, -0.151182
cut, 0.3787, 2.1719, -0.7210, 0.115743, -0.602424, 0.775555, -0.149006
cut, 0.3739, 2.1706, -0.7210, 0.114044, -0.602748, 0.775972, -0.146819
cut, 0.3690, 2.1694, -0.7210, 0.112337, -0.603069, 0.776385, -0.144621
cut, 0.3642, 2.1681, -0.7210, 0.110622, -0.603386, 0.776793, -0.142413
cut, 0.3593, 2.1669, -0.7210, 0.108898, -0.603699, 0.777196, -0.140194
cut, 0.3545, 2.1657, -0.7210, 0.107166, -0.604009, 0.777595, -0.137964
cut, 0.3496, 2.1644, -0.7210, 0.105425, -0.604315, 0.777989, -0.135724
cut, 0.3448, 2.1632, -0.7210, 0.103677, -0.604618, 0.778379, -0.133473
cut, 0.3400, 2.1620, -0.7209, 0.101920, -0.604916, 0.778763, -0.131211
cut, 0.3351, 2.1607, -0.7209, 0.100156, -0.605211, 0.779142, -0.128940
cut, 0.3303, 2.1595, -0.7209, 0.098384, -0.605502, 0.779517, -0.126658
cut, 0.3254, 2.1583, -0.7209, 0.096604, -0.605788, 0.779885, -0.124367
cut, 0.3206, 2.1570, -0.7209, 0.094816, -0.606071, 0.780249, -0.122065
cut, 0.3157, 2.1558, -0.7209, 0.093020, -0.606349, 0.780607, -0.119753
cut, 0.3109, 2.1545, -0.7209, 0.091217, -0.606623, 0.780960, -0.117432
cut, 0.3060, 2.1533, -0.7209, 0.089407, -0.606892, 0.781307, -0.115102
cut, 0.3012, 2.1521, -0.7209, 0.087589, -0.607157, 0.781648, -0.112761
cut, 0.2964, 2.1508, -0.7209, 0.085764, -0.607418, 0.781983, -0.110412
cut, 0.2915, 2.1496, -0.7209, 0.083932, -0.607673, 0.782313, -0.108053
cut, 0.2867, 2.1484, -0.7209, 0.082093, -0.607925, 0.782636, -0.105686
cut, 0.2818, 2.1471, -0.7209, 0.080247, -0.608171, 0.782953, -0.103309
cut, 0.2770, 2.1459, -0.7209, 0.078394, -0.608413, 0.783264, -0.100924
cut, 0.2721, 2.1446, -0.7208, 0.076535, -0.608649, 0.783569, -0.098530
cut, 0.2673, 2.1434, -0.7208, 0.074669, -0.608881, 0.783867, -0.096128
cut, 0.2624, 2.1422, -0.7208, 0.072796, -0.609108, 0.784159, -0.093717
cut, 0.2576, 2.1409, -0.7208, 0.070918, -0.609329, 0.784444, -0.091299
cut, 0.2528, 2.1397, -0.7208, 0.069033, -0.609546, 0.784723, -0.088872
cut, 0.2479, 2.1385, -0.7208, 0.067142, -0.609757, 0.784995, -0.086438
cut, 0.2431, 2.1372, -0.7208, 0.065245, -0.609963, 0.785260, -0.083996
cut, 0.2382, 2.1360, -0.7208, 0.063343, -0.610163, 0.785518, -0.081547
cut, 0.2334, 2.1348, -0.7208, 0.061434, -0.610358, 0.785769, -0.079090
cut, 0.2285, 2.1335, -0.7208, 0.059521, -0.610548, 0.786013, -0.076626
cut, 0.2237, 2.1323, -0.7208, 0.057602, -0.610732, 0.786250, -0.074156
cut, 0.2188, 2.1310, -0.7208, 0.055678, -0.610910, 0.786480, -0.071679
cut, 0.2140, 2.1298, -0.7208, 0.053749, -0.611083, 0.786702, -0.069195
cut, 0.2092, 2.1286, -0.7208, 0.051815, -0.611250, 0.786917, -0.066706
cut, 0.2043, 2.1273, -0.7207, 0.049876, -0.611411, 0.787125, -0.064210
cut, 0.1995, 2.1261, -0.7207, 0.047933, -0.611567, 0.787325, -0.061708
cut, 0.1946, 2.1249, -0.7207, 0.045985, -0.611716, 0.787517, -0.059200
cut, 0.1898, 2.1236, -0.7207, 0.044033, -0.611860, 0.787702, -0.056688
cut, 0.1849, 2.1224, -0.7207, 0.042077, -0.611998, 0.787879, -0.054170
cut, 0.1801, 2.1211, -0.7207, 0.040117, -0.612129, 0.788049, -0.051646
cut, 0.1752, 2.1199, -0.7207, 0.038154, -0.612255, 0.788210, -0.049119
cut, 0.1704, 2.1187, -0.7207, 0.036187, -0.612374, 0.788364, -0.046586
cut, 0.1656, 2.1174, -0.7207, 0.034216, -0.612487, 0.788510, -0.044049
cut, 0.1607, 2.1162, -0.7207, 0.032242, -0.612594, 0.788648, -0.041508
cut, 0.1559, 2.1150, -0.7207, 0.030266, -0.612695, 0.788778, -0.038964
cut, 0.1510, 2.1137, -0.7207, 0.028286, -0.612790, 0.788899, -0.036415
cut, 0.1462, 2.1125, -0.7207, 0.026304, -0.612878, 0.789013, -0.033863
cut, 0.1413, 2.1113, -0.7207, 0.024319, -0.612960, 0.789119, -0.031308
cut, 0.1365, 2.1100, -0.7206, 0.022332, -0.613036, 0.789216, -0.028750
cut, 0.1316, 2.1088, -0.7206, 0.020343, -0.613105, 0.789305, -0.026189
cut, 0.1268, 2.1075, -0.7206, 0.018352, -0.613168, 0.789386, -0.023626
cut, 0.1220, 2.1063, -0.7206, 0.016359, -0.613224, 0.789459, -0.021061
cut, 0.1171, 2.1051, -0.7206, 0.014365, -0.613274, 0.789523, -0.018493
cut, 0.1123, 2.1038, -0.7206, 0.012369, -0.613318, 0.789579, -0.015924
cut, 0.1074, 2.1026, -0.7206, 0.010372, -0.613355, 0.789627, -0.013353
cut, 0.1026, 2.1014, -0.7206, 0.008374, -0.613385, 0.789666, -0.010781
cut, 0.0977, 2.1001, -0.7206, 0.006376, -0.613409, 0.789697, -0.008208
cut, 0.0929, 2.0989, -0.7206, 0.004376, -0.613427, 0.789719, -0.005634
cut, 0.0880, 2.0976, -0.7206, 0.002377, -0.613438, 0.789734, -0.003060
cut, 0.0832, 2.0964, -0.7206, 0.000377, -0.613442, 0.789739, -0.000485
cut, 0.0784, 2.0952, -0.7206, -0.001623, -0.613440, 0.789737, 0.002090
cut, 0.0735, 2.0939, -0.7205, -0.003623, -0.613432, 0.789726, 0.004664
cut, 0.0687, 2.0927, -0.7205, -0.005623, -0.613417, 0.789706, 0.007239
cut, 0.0638, 2.0915, -0.7205, -0.007622, -0.613395, 0.789679, 0.009812
cut, 0.0590, 2.0902, -0.7205, -0.009620, -0.613367, 0.789642, 0.012384
cut, 0.0541, 2.0890, -0.7205, -0.011617, -0.613332, 0.789598, 0.014956
cut, 0.0493, 2.0877, -0.7205, -0.013613, -0.613291, 0.789545, 0.017526
cut, 0.0444, 2.0865, -0.7205, -0.015608, -0.613244, 0.789484, 0.020094
cut, 0.0396, 2.0853, -0.7205, -0.017602, -0.613190, 0.789414, 0.022660
cut, 0.0347, 2.0840, -0.7205, -0.019593, -0.613129, 0.789337, 0.025224
cut, 0.0299, 2.0828, -0.7205, -0.021583, -0.613063, 0.789251, 0.027786
cut, 0.0251, 2.0816, -0.7205, -0.023571, -0.612989, 0.789156, 0.030345
cut, 0.0202, 2.0803, -0.7205, -0.025557, -0.612910, 0.789054, 0.032901
cut, 0.0154, 2.0791, -0.7205, -0.027540, -0.612824, 0.788943, 0.035455
cut, 0.0105, 2.0779, -0.7205, -0.029520, -0.612732, 0.788825, 0.038004
cut, 0.0057, 2.0766, -0.7204, -0.031498, -0.612633, 0.788698, 0.040551
cut, 0.0008, 2.0754, -0.7204, -0.033473, -0.612528, 0.788563, 0.043093
cut, -0.0040, 2.0741, -0.7204, -0.035445, -0.612418, 0.788420, 0.045631
cut, -0.0089, 2.0729, -0.7204, -0.037413, -0.612300, 0.788269, 0.048165
cut, -0.0137, 2.0717, -0.7204, -0.039378, -0.612177, 0.788111, 0.050695
cut, -0.0185, 2.0704, -0.7204, -0.041339, -0.612048, 0.787944, 0.053220
cut, -0.0234, 2.0692, -0.7204, -0.043297, -0.611913, 0.787770, 0.055740
cut, -0.0282, 2.0680, -0.7204, -0.045250, -0.611771, 0.787588, 0.058255
cut, -0.0331, 2.0667, -0.7204, -0.047200, -0.611624, 0.787398, 0.060764
cut, -0.0379, 2.0655, -0.7204, -0.049144, -0.611471, 0.787201, 0.063268
cut, -0.0428, 2.0642, -0.7204, -0.051085, -0.611312, 0.786996, 0.065766
cut, -0.0476, 2.0630, -0.7204, -0.053021, -0.611147, 0.786784, 0.068258
cut, -0.0525, 2.0618, -0.7204, -0.054952, -0.610976, 0.786564, 0.070744
cut, -0.0573, 2.0605, -0.7204, -0.056878, -0.610800, 0.786338, 0.073224
cut, -0.0621, 2.0593, -0.7203, -0.058799, -0.610618, 0.786103, 0.075697
cut, -0.0670, 2.0581, -0.7203, -0.060714, -0.610430, 0.785862, 0.078163
cut, -0.0718, 2.0568, -0.7203, -0.062625, -0.610237, 0.785613, 0.080622
cut, -0.0767, 2.0556, -0.7203, -0.064529, -0.610039, 0.785358, 0.083074
cut, -0.0815, 2.0544, -0.7203, -0.066428, -0.609835, 0.785095, 0.085519
cut, -0.0864, 2.0531, -0.7203, -0.068321, -0.609626, 0.784826, 0.087956
cut, -0.0912, 2.0519, -0.7203, -0.070208, -0.609411, 0.784550, 0.090386
cut, -0.0961, 2.0506, -0.7203, -0.072090, -0.609192, 0.784267, 0.092807
cut, -0.1009, 2.0494, -0.7203, -0.073964, -0.608967, 0.783978, 0.095221
cut, -0.1057, 2.0482, -0.7203, -0.075833, -0.608737, 0.783682, 0.097626
cut, -0.1106, 2.0469, -0.7203, -0.077695, -0.608502, 0.783380, 0.100023
cut, -0.1154, 2.0457, -0.7203, -0.079550, -0.608263, 0.783071, 0.102412
cut, -0.1203, 2.0445, -0.7203, -0.081399, -0.608018, 0.782756, 0.104792
cut, -0.1251, 2.0432, -0.7203, -0.083240, -0.607769, 0.782435, 0.107163
cut, -0.1300, 2.0420, -0.7202, -0.085075, -0.607514, 0.782108, 0.109525
cut, -0.1348, 2.0407, -0.7202, -0.086903, -0.607256, 0.781775, 0.111878
cut, -0.1397, 2.0395, -0.7202, -0.088723, -0.606992, 0.781436, 0.114221
cut, -0.1445, 2.0383, -0.7202, -0.090536, -0.606725, 0.781091, 0.116556
cut, -0.1493, 2.0370, -0.7202, -0.092342, -0.606452, 0.780741, 0.118880
cut, -0.1542, 2.0358, -0.7202, -0.094140, -0.606176, 0.780385, 0.121195
cut, -0.1590, 2.0346, -0.7202, -0.095931, -0.605895, 0.780023, 0.123501
cut, -0.1639, 2.0333, -0.7202, -0.097714, -0.605610, 0.779656, 0.125796
cut, -0.1687, 2.0321, -0.7202, -0.099489, -0.605321, 0.779284, 0.128082
cut, -0.1736, 2.0309, -0.7202, -0.101257, -0.605028, 0.778907, 0.130357
cut, -0.1784, 2.0296, -0.7202, -0.103016, -0.604731, 0.778524, 0.132622
cut, -0.1833, 2.0284, -0.7202, -0.104768, -0.604430, 0.778137, 0.134877
cut, -0.1881, 2.0271, -0.7202, -0.106511, -0.604125, 0.777744, 0.137121
cut, -0.1929, 2.0259, -0.7202, -0.108246, -0.603816, 0.777347, 0.139355
cut, -0.1978, 2.0247, -0.7201, -0.109973, -0.603504, 0.776945, 0.141578
cut, -0.2026, 2.0234, -0.7201, -0.111692, -0.603189, 0.776539, 0.143791
cut, -0.2075, 2.0222, -0.7201, -0.113402, -0.602869, 0.776128, 0.145993
cut, -0.2123, 2.0210, -0.7201, -0.115104, -0.602547, 0.775713, 0.148184
cut, -0.2172, 2.0197, -0.7201, -0.116797, -0.602221, 0.775293, 0.150364
cut, -0.2220, 2.0185, -0.7201, -0.118482, -0.601892, 0.774869, 0.152532
cut, -0.2269, 2.0172, -0.7201, -0.120158, -0.601559, 0.774441, 0.154690
cut, -0.2317, 2.0160, -0.7201, -0.121826, -0.601224, 0.774009, 0.156837
cut, -0.2365, 2.0148, -0.7201, -0.123484, -0.600885, 0.773574, 0.158973
cut, -0.2414, 2.0135, -0.7201, -0.125134, -0.600544, 0.773134, 0.161097
cut, -0.2462, 2.0123, -0.7201, -0.126776, -0.600200, 0.772691, 0.163210
cut, -0.2511, 2.0111, -0.7201, -0.128408, -0.599852, 0.772244, 0.165311
cut, -0.2559, 2.0098, -0.7201, -0.130031, -0.599503, 0.771794, 0.167401
cut, -0.2608, 2.0086, -0.7201, -0.131646, -0.599150, 0.771340, 0.169480
cut, -0.2656, 2.0074, -0.7200, -0.133252, -0.598795, 0.770883, 0.171547
cut, -0.2705, 2.0061, -0.7200, -0.134848, -0.598438, 0.770422, 0.173602
cut, -0.2753, 2.0049, -0.7200, -0.136436, -0.598078, 0.769959, 0.175646
cut, -0.2801, 2.0036, -0.7200, -0.138015, -0.597715, 0.769492, 0.177679
cut, -0.2850, 2.0024, -0.7200, -0.139584, -0.597351, 0.769023, 0.179699
cut, -0.2898, 2.0012, -0.7200, -0.141145, -0.596984, 0.768551, 0.181709
cut, -0.2947, 1.9999, -0.7200, -0.142696, -0.596615, 0.768076, 0.183706
cut, -0.2995, 1.9987, -0.7200, -0.144239, -0.596244, 0.767598, 0.185691
cut, -0.3044, 1.9975, -0.7200, -0.145772, -0.595871, 0.767118, 0.187665
cut, -0.3092, 1.9962, -0.7200, -0.147296, -0.595496, 0.766635, 0.189628
cut, -0.3141, 1.9950, -0.7200, -0.148811, -0.595119, 0.766150, 0.191578
cut, -0.3189, 1.9937, -0.7200, -0.150317, -0.594741, 0.765663, 0.193517
cut, -0.3238, 1.9925, -0.7200, -0.151814, -0.594360, 0.765173, 0.195443
cut, -0.3286, 1.9913, -0.7200, -0.153301, -0.593978, 0.764682, 0.197358
cut, -0.3334, 1.9900, -0.7199, -0.154780, -0.593595, 0.764188, 0.199262
cut, -0.3383, 1.9888, -0.7199, -0.156249, -0.593210, 0.763692, 0.201153
cut, -0.3431, 1.9876, -0.7199, -0.157709, -0.592823, 0.763195, 0.203033
cut, -0.3480, 1.9863, -0.7199, -0.159160, -0.592435, 0.762695, 0.204901
cut, -0.3528, 1.9851, -0.7199, -0.160602, -0.592046, 0.762194, 0.206757
cut, -0.3577, 1.9839, -0.7199, -0.162035, -0.591656, 0.761691, 0.208602
cut, -0.3625, 1.9826, -0.7199, -0.163458, -0.591264, 0.761187, 0.210435
cut, -0.3674, 1.9814, -0.7199, -0.164873, -0.590871, 0.760681, 0.212256
cut, -0.3722, 1.9801, -0.7199, -0.166278, -0.590477, 0.760174, 0.214065
cut, -0.3770, 1.9789, -0.7199, -0.167675, -0.590082, 0.759666, 0.215863
cut, -0.3819, 1.9777, -0.7199, -0.169062, -0.589686, 0.759156, 0.217649
cut, -0.3867, 1.9764, -0.7199, -0.170440, -0.589289, 0.758645, 0.219423
cut, -0.3916, 1.9752, -0.7199, -0.171810, -0.588891, 0.758133, 0.221186
cut, -0.3964, 1.9740, -0.7199, -0.173170, -0.588493, 0.757620, 0.222937
cut, -0.4013, 1.9727, -0.7198, -0.174521, -0.588093, 0.757105, 0.224677
cut, -0.4061, 1.9715, -0.7198, -0.175864, -0.587693, 0.756590, 0.226405
cut, -0.4110, 1.9702, -0.7198, -0.177197, -0.587293, 0.756075, 0.228122
cut, -0.4158, 1.9690, -0.7198, -0.178522, -0.586891, 0.755558, 0.229827
cut, -0.4206, 1.9678, -0.7198, -0.179837, -0.586490, 0.755041, 0.231521
cut, -0.4255, 1.9665, -0.7198, -0.181144, -0.586087, 0.754523, 0.233203
cut, -0.4303, 1.9653, -0.7198, -0.182442, -0.585685, 0.754004, 0.234874
cut, -0.4352, 1.9641, -0.7198, -0.183732, -0.585281, 0.753485, 0.236534
cut, -0.4400, 1.9628, -0.7198, -0.185012, -0.584878, 0.752966, 0.238183
cut, -0.4449, 1.9616, -0.7198, -0.186284, -0.584474, 0.752446, 0.239820
cut, -0.4497, 1.9604, -0.7198, -0.187547, -0.584070, 0.751926, 0.241446
cut, -0.4546, 1.9591, -0.7198, -0.188802, -0.583666, 0.751405, 0.243061
cut, -0.4594, 1.9579, -0.7198, -0.190048, -0.583261, 0.750884, 0.244665
cut, -0.4642, 1.9566, -0.7198, -0.191285, -0.582856, 0.750363, 0.246258
cut, -0.4691, 1.9554, -0.7197, -0.192514, -0.582452, 0.749842, 0.247840
cut, -0.4739, 1.9542, -0.7197, -0.193734, -0.582047, 0.749321, 0.249411
cut, -0.4788, 1.9529, -0.7197, -0.194946, -0.581642, 0.748800, 0.250971
cut, -0.4836, 1.9517, -0.7197, -0.196149, -0.581237, 0.748279, 0.252521
cut, -0.4885, 1.9505, -0.7197, -0.197344, -0.580833, 0.747758, 0.254059
cut, -0.4933, 1.9492, -0.7197, -0.198531, -0.580428, 0.747237, 0.255587
cut, -0.4982, 1.9480, -0.7197, -0.199710, -0.580024, 0.746717, 0.257104
cut, -0.5030, 1.9467, -0.7197, -0.200880, -0.579620, 0.746196, 0.258611
cut, -0.5078, 1.9455, -0.7197, -0.202042, -0.579216, 0.745676, 0.260107
cut, -0.5127, 1.9443, -0.7197, -0.203196, -0.578812, 0.745156, 0.261592
cut, -0.5175, 1.9430, -0.7197, -0.204341, -0.578408, 0.744637, 0.263067
cut, -0.5224, 1.9418, -0.7197, -0.205479, -0.578005, 0.744118, 0.264532
cut, -0.5272, 1.9406, -0.7197, -0.206609, -0.577602, 0.743599, 0.265986
cut, -0.5321, 1.9393, -0.7196, -0.207730, -0.577200, 0.743081, 0.267430
cut, -0.5369, 1.9381, -0.7196, -0.208844, -0.576798, 0.742564, 0.268864
cut, -0.5418, 1.9369, -0.7196, -0.209950, -0.576396, 0.742047, 0.270287
cut, -0.5466, 1.9356, -0.7196, -0.211048, -0.575995, 0.741530, 0.271701
cut, -0.5514, 1.9344, -0.7196, -0.212138, -0.575595, 0.741015, 0.273104
cut, -0.5563, 1.9331, -0.7196, -0.213220, -0.575194, 0.740499, 0.274498
cut, -0.5611, 1.9319, -0.7196, -0.214295, -0.574795, 0.739985, 0.275881
cut, -0.5660, 1.9307, -0.7196, -0.215362, -0.574396, 0.739472, 0.277255
cut, -0.5708, 1.9294, -0.7196, -0.216422, -0.573998, 0.738959, 0.278619
cut, -0.5757, 1.9282, -0.7196, -0.217473, -0.573600, 0.738447, 0.279973
cut, -0.5805, 1.9270, -0.7196, -0.218518, -0.573203, 0.737936, 0.281318
cut, -0.5854, 1.9257, -0.7196, -0.219555, -0.572807, 0.737425, 0.282652
cut, -0.5902, 1.9245, -0.7196, -0.220584, -0.572411, 0.736916, 0.283978
cut, -0.5950, 1.9232, -0.7196, -0.221606, -0.572016, 0.736407, 0.285294
cut, -0.5999, 1.9220, -0.7195, -0.222621, -0.571622, 0.735900, 0.286600
cut, -0.6047, 1.9208, -0.7195, -0.223629, -0.571228, 0.735393, 0.287897
cut, -0.6096, 1.9195, -0.7195, -0.224629, -0.570836, 0.734888, 0.289185
cut, -0.6144, 1.9183, -0.7195, -0.225622, -0.570444, 0.734384, 0.290464
cut, -0.6193, 1.9171, -0.7195, -0.226608, -0.570053, 0.733880, 0.291733
cut, -0.6241, 1.9158, -0.7195, -0.227587, -0.569663, 0.733378, 0.292994
cut, -0.6290, 1.9146, -0.7195, -0.228559, -0.569273, 0.732877, 0.294245
cut, -0.6338, 1.9133, -0.7195, -0.229524, -0.568885, 0.732377, 0.295487
cut, -0.6386, 1.9121, -0.7195, -0.230482, -0.568498, 0.731878, 0.296721
cut, -0.6435, 1.9109, -0.7195, -0.231434, -0.568111, 0.731380, 0.297945
cut, -0.6483, 1.9096, -0.7195, -0.232378, -0.567725, 0.730884, 0.299161
cut, -0.6532, 1.9084, -0.7195, -0.233315, -0.567341, 0.730389, 0.300368
cut, -0.6580, 1.9072, -0.7195, -0.234246, -0.566957, 0.729895, 0.301566
cut, -0.6629, 1.9059, -0.7195, -0.235171, -0.566574, 0.729402, 0.302756
cut, -0.6677, 1.9047, -0.7194, -0.236088, -0.566193, 0.728910, 0.303937
cut, -0.6726, 1.9035, -0.7194, -0.236999, -0.565812, 0.728420, 0.305110
cut, -0.6774, 1.9022, -0.7194, -0.237904, -0.565432, 0.727931, 0.306275
cut, -0.6823, 1.9010, -0.7194, -0.238802, -0.565053, 0.727444, 0.307431
cut, -0.6871, 1.8997, -0.7194, -0.239693, -0.564676, 0.726958, 0.308579
cut, -0.6919, 1.8985, -0.7194, -0.240578, -0.564299, 0.726473, 0.309718
cut, -0.6968, 1.8973, -0.7194, -0.241457, -0.563924, 0.725990, 0.310850
cut, -0.7016, 1.8960, -0.7194, -0.242330, -0.563549, 0.725508, 0.311973
cut, -0.7065, 1.8948, -0.7194, -0.243196, -0.563176, 0.725027, 0.313088
cut, -0.7113, 1.8936, -0.7194, -0.244056, -0.562804, 0.724548, 0.314196
cut, -0.7162, 1.8923, -0.7194, -0.244910, -0.562433, 0.724070, 0.315295
cut, -0.7210, 1.8911, -0.7194, -0.245758, -0.562063, 0.723594, 0.316387
cut, -0.7259, 1.8898, -0.7194, -0.246600, -0.561694, 0.723119, 0.317470
cut, -0.7307, 1.8886, -0.7194, -0.247436, -0.561326, 0.722646, 0.318546
cut, -0.7355, 1.8874, -0.7193, -0.248266, -0.560960, 0.722174, 0.319615
cut, -0.7404, 1.8861, -0.7193, -0.249090, -0.560594, 0.721703, 0.320676
cut, -0.7452, 1.8849, -0.7193, -0.249908, -0.560230, 0.721234, 0.321729
cut, -0.7501, 1.8837, -0.7193, -0.250720, -0.559867, 0.720767, 0.322775
cut, -0.7549, 1.8824, -0.7193, -0.251527, -0.559505, 0.720301, 0.323813
cut, -0.7598, 1.8812, -0.7193, -0.252328, -0.559144, 0.719837, 0.324844
cut, -0.7646, 1.8800, -0.7193, -0.253123, -0.558785, 0.719374, 0.325868
cut, -0.7695, 1.8787, -0.7193, -0.253912, -0.558427, 0.718913, 0.326884
cut, -0.7743, 1.8775, -0.7193, -0.254696, -0.558069, 0.718453, 0.327893
cut, -0.7791, 1.8762, -0.7193, -0.255475, -0.557713, 0.717995, 0.328895
cut, -0.7840, 1.8750, -0.7193, -0.256247, -0.557359, 0.717538, 0.329890
cut, -0.7888, 1.8738, -0.7193, -0.257015, -0.557005, 0.717083, 0.330878
cut, -0.7937, 1.8725, -0.7193, -0.257777, -0.556653, 0.716629, 0.331859
cut, -0.7985, 1.8713, -0.7193, -0.258534, -0.556302, 0.716178, 0.332833
cut, -0.8034, 1.8701, -0.7192, -0.259285, -0.555952, 0.715727, 0.333801
cut, -0.8082, 1.8688, -0.7192, -0.260031, -0.555604, 0.715279, 0.334761
cut, -0.8131, 1.8676, -0.7192, -0.260772, -0.555256, 0.714831, 0.335715
cut, -0.8179, 1.8663, -0.7192, -0.261507, -0.554910, 0.714386, 0.336662
cut, -0.8227, 1.8651, -0.7192, -0.262238, -0.554565, 0.713942, 0.337602
cut, -0.8276, 1.8639, -0.7192, -0.262963, -0.554222, 0.713500, 0.338536
cut, -0.8324, 1.8626, -0.7192, -0.263684, -0.553880, 0.713059, 0.339464
cut, -0.8373, 1.8614, -0.7192, -0.264399, -0.553538, 0.712620, 0.340384
cut, -0.8413, 1.8604, -0.7192, -0.264988, -0.553257, 0.712257, 0.341142
cut, -0.8413, 1.6585, -0.7192, -0.264988, -0.553257, 0.712257, 0.341142
cut, -0.8413, 1.6569, -0.7144, -0.262348, -0.554513, 0.713875, 0.337744
cut, -0.8413, 1.6553, -0.7097, -0.259639, -0.555787, 0.715514, 0.334257
cut, -0.8413, 1.6537, -0.7050, -0.256859, -0.557077, 0.717175, 0.330678
cut, -0.8413, 1.6521, -0.7002, -0.254006, -0.558384, 0.718857, 0.327005
cut, -0.8413, 1.6505, -0.6955, -0.251078, -0.559707, 0.720560, 0.323235
cut, -0.8413, 1.6489, -0.6907, -0.248072, -0.561045, 0.722284, 0.319365
cut, -0.8413, 1.6474, -0.6860, -0.244986, -0.562400, 0.724028, 0.315392
cut, -0.8413, 1.6458, -0.6813, -0.241817, -0.563769, 0.725791, 0.311313
cut, -0.8413, 1.6442, -0.6765, -0.238564, -0.565154, 0.727573, 0.307125
cut, -0.8413, 1.6426, -0.6718, -0.235224, -0.566552, 0.729374, 0.302824
cut, -0.8413, 1.6410, -0.6670, -0.231794, -0.567964, 0.731191, 0.298409
cut, -0.8413, 1.6394, -0.6623, -0.228272, -0.569389, 0.733025, 0.293875
cut, -0.8413, 1.6379, -0.6575, -0.224655, -0.570825, 0.734875, 0.289219
cut, -0.8413, 1.6363, -0.6528, -0.220942, -0.572273, 0.736738, 0.284439
cut, -0.8413, 1.6347, -0.6481, -0.217129, -0.573730, 0.738614, 0.279530
cut, -0.8413, 1.6331, -0.6433, -0.213215, -0.575196, 0.740502, 0.274491
cut, -0.8413, 1.6315, -0.6386, -0.209197, -0.576670, 0.742399, 0.269317
cut, -0.8413, 1.6299, -0.6338, -0.205072, -0.578150, 0.744304, 0.264007
cut, -0.8413, 1.6283, -0.6291, -0.200838, -0.579634, 0.746215, 0.258557
cut, -0.8413, 1.6268, -0.6243, -0.196493, -0.581121, 0.748130, 0.252963
cut, -0.8413, 1.6252, -0.6196, -0.192035, -0.582610, 0.750046, 0.247224
cut, -0.8413, 1.6236, -0.6149, -0.187463, -0.584097, 0.751961, 0.241337
cut, -0.8413, 1.6220, -0.6101, -0.182773, -0.585581, 0.753872, 0.235300
cut, -0.8413, 1.6204, -0.6054, -0.177965, -0.587061, 0.755776, 0.229110
cut, -0.8413, 1.6188, -0.6006, -0.173037, -0.588532, 0.757670, 0.222765
cut, -0.8413, 1.6173, -0.5959, -0.167987, -0.589993, 0.759551, 0.216265
cut, -0.8413, 1.6157, -0.5912, -0.162815, -0.591441, 0.761415, 0.209607
cut, -0.8413, 1.6141, -0.5864, -0.157520, -0.592873, 0.763259, 0.202790
cut, -0.8413, 1.6125, -0.5817, -0.152102, -0.594287, 0.765078, 0.195815
cut, -0.8413, 1.6109, -0.5769, -0.146560, -0.595678, 0.766869, 0.188680
cut, -0.8413, 1.6093, -0.5722, -0.140895, -0.597043, 0.768627, 0.181386
cut, -0.8413, 1.6077, -0.5674, -0.135106, -0.598379, 0.770347, 0.173935
cut, -0.8413, 1.6062, -0.5627, -0.129197, -0.599683, 0.772026, 0.166326
cut, -0.8413, 1.6046, -0.5580, -0.123167, -0.600951, 0.773658, 0.158563
cut, -0.8413, 1.6030, -0.5532, -0.117018, -0.602178, 0.775238, 0.150648
cut, -0.8413, 1.6014, -0.5485, -0.110754, -0.603361, 0.776761, 0.142584
cut, -0.8413, 1.5998, -0.5437, -0.104378, -0.604497, 0.778224, 0.134375
cut, -0.8413, 1.5982, -0.5390, -0.097892, -0.605581, 0.779619, 0.126025
cut, -0.8413, 1.5967, -0.5342, -0.091301, -0.606610, 0.780944, 0.117539
cut, -0.8413, 1.5951, -0.5295, -0.084609, -0.607580, 0.782192, 0.108925
cut, -0.8413, 1.5935, -0.5248, -0.077822, -0.608486, 0.783359, 0.100187
cut, -0.8413, 1.5919, -0.5200, -0.070946, -0.609326, 0.784440, 0.091335
cut, -0.8413, 1.5903, -0.5153, -0.063986, -0.610096, 0.785432, 0.082375
cut, -0.8413, 1.5887, -0.5105, -0.056950, -0.610793, 0.786329, 0.073316
cut, -0.8413, 1.5871, -0.5058, -0.049844, -0.611414, 0.787128, 0.064169
cut, -0.8413, 1.5856, -0.5010, -0.042677, -0.611956, 0.787826, 0.054942
cut, -0.8413, 1.5840, -0.4963, -0.035457, -0.612417, 0.788419, 0.045647
cut, -0.8413, 1.5824, -0.4916, -0.028192, -0.612794, 0.788905, 0.036294
cut, -0.8413, 1.5808, -0.4868, -0.020891, -0.613087, 0.789281, 0.026895
cut, -0.8413, 1.5792, -0.4821, -0.013563, -0.613292, 0.789546, 0.017461
cut, -0.8413, 1.5776, -0.4773, -0.006218, -0.613411, 0.789699, 0.008005
cut, -0.8413, 1.5763, -0.4733, 0.000000, -0.613442, 0.789739, 0.000000
