cut, 1.9846, 2.5, -1.2559, 0.000000, 0.000000, 1.000000, 0.000000
cut, 1.9846, 2.5, -1.6059, 0.000000, 0.000000, 1.000000, 0.000000
cut, 1.9646, 2.5, -1.6059, 0.000000, 0.000000, 1.000000, 0.000000
cut, 1.9646, 2.5, -1.4876, 0.000000, 0.000000, 1.000000, 0.000000
cut, 1.6425, 2.5, -1.3820, 0.000000, 0.000000, 1.000000, 0.000000
cut, 1.6379, 2.5, -1.3810, 0.000000, 0.000000, 1.000000, 0.000000
cut, 1.6329, 2.5, -1.3812, 0.000000, 0.000000, 1.000000, 0.000000
cut, 1.6279, 2.5, -1.3827, 0.000000, 0.000000, 1.000000, 0.000000
cut, 1.6234, 2.5, -1.3854, 0.000000, 0.000000, 1.000000, 0.000000
cut, 1.6199, 2.5, -1.3891, 0.000000, 0.000000, 1.000000, 0.000000
cut, 1.6176, 2.5, -1.3933, 0.000000, 0.000000, 1.000000, 0.000000
cut, 1.6171, 2.5, -1.3945, 0.000000, 0.000000, 1.000000, 0.000000
cut, 1.5899, 2.5, -1.4750, 0.000000, 0.000000, 1.000000, 0.000000
cut, 1.5879, 2.5, -1.4793, 0.000000, 0.000000, 1.000000, 0.000000
cut, 1.5847, 2.5, -1.4831, 0.000000, 0.000000, 1.000000, 0.000000
cut, 1.5805, 2.5, -1.4862, 0.000000, 0.000000, 1.000000, 0.000000
cut, 1.5756, 2.5, -1.4881, 0.000000, 0.000000, 1.000000, 0.000000
cut, 1.5706, 2.5, -1.4886, 0.000000, 0.000000, 1.000000, 0.000000
cut, 1.5658, 2.5, -1.4880, 0.000000, 0.000000, 1.000000, 0.000000
cut, 1.5646, 2.5, -1.4876, 0.000000, 0.000000, 1.000000, 0.000000
cut, 1.2425, 2.5, -1.3820, 0.000000, 0.000000, 1.000000, 0.000000
cut, 1.2379, 2.5, -1.3810, 0.000000, 0.000000, 1.000000, 0.000000
cut, 1.2329, 2.5, -1.3812, 0.000000, 0.000000, 1.000000, 0.000000
cut, 1.2279, 2.5, -1.3827, 0.000000, 0.000000, 1.000000, 0.000000
cut, 1.2234, 2.5, -1.3854, 0.000000, 0.000000, 1.000000, 0.000000
cut, 1.2199, 2.5, -1.3891, 0.000000, 0.000000, 1.000000, 0.000000
cut, 1.2176, 2.5, -1.3933, 0.000000, 0.000000, 1.000000, 0.000000
cut, 1.2171, 2.5, -1.3945, 0.000000, 0.000000, 1.000000, 0.000000
cut, 1.1899, 2.5, -1.4750, 0.000000, 0.000000, 1.000000, 0.000000
cut, 1.1879, 2.5, -1.4793, 0.000000, 0.000000, 1.000000, 0.000000
cut, 1.1847, 2.5, -1.4831, 0.000000, 0.000000, 1.000000, 0.000000
cut, 1.1805, 2.5, -1.4862, 0.000000, 0.000000, 1.000000, 0.000000
cut, 1.1756, 2.5, -1.4881, 0.000000, 0.000000, 1.000000, 0.000000
cut, 1.1706, 2.5, -1.4886, 0.000000, 0.000000, 1.000000, 0.000000
cut, 1.1658, 2.5, -1.4880, 0.000000, 0.000000, 1.000000, 0.000000
cut, 1.1646, 2.5, -1.4876, 0.000000, 0.000000, 1.000000, 0.000000
cut, 0.8425, 2.5, -1.3820, 0.000000, 0.000000, 1.000000, 0.000000
cut, 0.8379, 2.5, -1.3810, 0.000000, 0.000000, 1.000000, 0.000000
cut, 0.8329, 2.5, -1.3812, 0.000000, 0.000000, 1.000000, 0.000000
cut, 0.8279, 2.5, -1.3827, 0.000000, 0.000000, 1.000000, 0.000000
cut, 0.8234, 2.5, -1.3854, 0.000000, 0.000000, 1.000000, 0.000000
cut, 0.8199, 2.5, -1.3891, 0.000000, 0.000000, 1.000000, 0.000000
cut, 0.8176, 2.5, -1.3933, 0.000000, 0.000000, 1.000000, 0.000000
cut, 0.8171, 2.5, -1.3945, 0.000000, 0.000000, 1.000000, 0.000000
cut, 0.7899, 2.5, -1.4750, 0.000000, 0.000000, 1.000000, 0.000000
cut, 0.7879, 2.5, -1.4793, 0.000000, 0.000000, 1.000000, 0.000000
cut, 0.7847, 2.5, -1.4831, 0.000000, 0.000000, 1.000000, 0.000000
cut, 0.7805, 2.5, -1.4862, 0.000000, 0.000000, 1.000000, 0.000000
cut, 0.7756, 2.5, -1.4881, 0.000000, 0.000000, 1.000000, 0.000000
cut, 0.7706, 2.5, -1.4886, 0.000000, 0.000000, 1.000000, 0.000000
cut, 0.7658, 2.5, -1.4880, 0.000000, 0.000000, 1.000000, 0.000000
cut, 0.7646, 2.5, -1.4876, 0.000000, 0.000000, 1.000000, 0.000000
cut, 0.4425, 2.5, -1.3820, 0.000000, 0.000000, 1.000000, 0.000000
cut, 0.4379, 2.5, -1.3810, 0.000000, 0.000000, 1.000000, 0.000000
cut, 0.4329, 2.5, -1.3812, 0.000000, 0.000000, 1.000000, 0.000000
cut, 0.4279, 2.5, -1.3827, 0.000000, 0.000000, 1.000000, 0.000000
cut, 0.4234, 2.5, -1.3854, 0.000000, 0.000000, 1.000000, 0.000000
cut, 0.4199, 2.5, -1.3891, 0.000000, 0.000000, 1.000000, 0.000000
cut, 0.4176, 2.5, -1.3933, 0.000000, 0.000000, 1.000000, 0.000000
cut, 0.4171, 2.5, -1.3945, 0.000000, 0.000000, 1.000000, 0.000000
cut, 0.3899, 2.5, -1.4750, 0.000000, 0.000000, 1.000000, 0.000000
cut, 0.3879, 2.5, -1.4793, 0.000000, 0.000000, 1.000000, 0.000000
cut, 0.3847, 2.5, -1.4831, 0.000000, 0.000000, 1.000000, 0.000000
cut, 0.3805, 2.5, -1.4862, 0.000000, 0.000000, 1.000000, 0.000000
cut, 0.3756, 2.5, -1.4881, 0.000000, 0.000000, 1.000000, 0.000000
cut, 0.3706, 2.5, -1.4886, 0.000000, 0.000000, 1.000000, 0.000000
cut, 0.3658, 2.5, -1.4880, 0.000000, 0.000000, 1.000000, 0.000000
cut, 0.3646, 2.5, -1.4876, 0.000000, 0.000000, 1.000000, 0.000000
cut, 0.0425, 2.5, -1.3820, 0.000000, 0.000000, 1.000000, 0.000000
cut, 0.0379, 2.5, -1.3810, 0.000000, 0.000000, 1.000000, 0.000000
cut, 0.0329, 2.5, -1.3812, 0.000000, 0.000000, 1.000000, 0.000000
cut, 0.0279, 2.5, -1.3827, 0.000000, 0.000000, 1.000000, 0.000000
cut, 0.0234, 2.5, -1.3854, 0.000000, 0.000000, 1.000000, 0.000000
cut, 0.0199, 2.5, -1.3891, 0.000000, 0.000000, 1.000000, 0.000000
cut, 0.0176, 2.5, -1.3933, 0.000000, 0.000000, 1.000000, 0.000000
cut, 0.0171, 2.5, -1.3945, 0.000000, 0.000000, 1.000000, 0.000000
cut, -0.0101, 2.5, -1.4750, 0.000000, 0.000000, 1.000000, 0.000000
cut, -0.0121, 2.5, -1.4793, 0.000000, 0.000000, 1.000000, 0.000000
cut, -0.0153, 2.5, -1.4831, 0.000000, 0.000000, 1.000000, 0.000000
cut, -0.0195, 2.5, -1.4862, 0.000000, 0.000000, 1.000000, 0.000000
cut, -0.0244, 2.5, -1.4881, 0.000000, 0.000000, 1.000000, 0.000000
cut, -0.0294, 2.5, -1.4886, 0.000000, 0.000000, 1.000000, 0.000000
cut, -0.0342, 2.5, -1.4880, 0.000000, 0.000000, 1.000000, 0.000000
cut, -0.0354, 2.5, -1.4876, 0.000000, 0.000000, 1.000000, 0.000000
cut, -0.3575, 2.5, -1.3820, 0.000000, 0.000000, 1.000000, 0.000000
cut, -0.3621, 2.5, -1.3810, 0.000000, 0.000000, 1.000000, 0.000000
cut, -0.3671, 2.5, -1.3812, 0.000000, 0.000000, 1.000000, 0.000000
cut, -0.3721, 2.5, -1.3827, 0.000000, 0.000000, 1.000000, 0.000000
cut, -0.3766, 2.5, -1.3854, 0.000000, 0.000000, 1.000000, 0.000000
cut, -0.3801, 2.5, -1.3891, 0.000000, 0.000000, 1.000000, 0.000000
cut, -0.3824, 2.5, -1.3933, 0.000000, 0.000000, 1.000000, 0.000000
cut, -0.3829, 2.5, -1.3945, 0.000000, 0.000000, 1.000000, 0.000000
cut, -0.4101, 2.5, -1.4750, 0.000000, 0.000000, 1.000000, 0.000000
cut, -0.4121, 2.5, -1.4793, 0.000000, 0.000000, 1.000000, 0.000000
cut, -0.4153, 2.5, -1.4831, 0.000000, 0.000000, 1.000000, 0.000000
cut, -0.4195, 2.5, -1.4862, 0.000000, 0.000000, 1.000000, 0.000000
cut, -0.4244, 2.5, -1.4881, 0.000000, 0.000000, 1.000000, 0.000000
cut, -0.4294, 2.5, -1.4886, 0.000000, 0.000000, 1.000000, 0.000000
cut, -0.4342, 2.5, -1.4880, 0.000000, 0.000000, 1.000000, 0.000000
cut, -0.4354, 2.5, -1.4876, 0.000000, 0.000000, 1.000000, 0.000000
cut, -0.7575, 2.5, -1.3820, 0.000000, 0.000000, 1.000000, 0.000000
cut, -0.7621, 2.5, -1.3810, 0.000000, 0.000000, 1.000000, 0.000000
cut, -0.7671, 2.5, -1.3812, 0.000000, 0.000000, 1.000000, 0.000000
cut, -0.7721, 2.5, -1.3827, 0.000000, 0.000000, 1.000000, 0.000000
cut, -0.7766, 2.5, -1.3854, 0.000000, 0.000000, 1.000000, 0.000000
cut, -0.7801, 2.5, -1.3891, 0.000000, 0.000000, 1.000000, 0.000000
cut, -0.7824, 2.5, -1.3933, 0.000000, 0.000000, 1.000000, 0.000000
cut, -0.7829, 2.5, -1.3945, 0.000000, 0.000000, 1.000000, 0.000000
cut, -0.8101, 2.5, -1.4750, 0.000000, 0.000000, 1.000000, 0.000000
cut, -0.8121, 2.5, -1.4793, 0.000000, 0.000000, 1.000000, 0.000000
cut, -0.8153, 2.5, -1.4831, 0.000000, 0.000000, 1.000000, 0.000000
cut, -0.8195, 2.5, -1.4862, 0.000000, 0.000000, 1.000000, 0.000000
cut, -0.8244, 2.5, -1.4881, 0.000000, 0.000000, 1.000000, 0.000000
cut, -0.8294, 2.5, -1.4886, 0.000000, 0.000000, 1.000000, 0.000000
cut, -0.8342, 2.5, -1.4880, 0.000000, 0.000000, 1.000000, 0.000000
cut, -0.8354, 2.5, -1.4876, 0.000000, 0.000000, 1.000000, 0.000000
cut, -1.1575, 2.5, -1.3820, 0.000000, 0.000000, 1.000000, 0.000000
cut, -1.1621, 2.5, -1.3810, 0.000000, 0.000000, 1.000000, 0.000000
cut, -1.1671, 2.5, -1.3812, 0.000000, 0.000000, 1.000000, 0.000000
cut, -1.1721, 2.5, -1.3827, 0.000000, 0.000000, 1.000000, 0.000000
cut, -1.1766, 2.5, -1.3854, 0.000000, 0.000000, 1.000000, 0.000000
cut, -1.1801, 2.5, -1.3891, 0.000000, 0.000000, 1.000000, 0.000000
cut, -1.1824, 2.5, -1.3933, 0.000000, 0.000000, 1.000000, 0.000000
cut, -1.1829, 2.5, -1.3945, 0.000000, 0.000000, 1.000000, 0.000000
cut, -1.2101, 2.5, -1.4750, 0.000000, 0.000000, 1.000000, 0.000000
cut, -1.2121, 2.5, -1.4793, 0.000000, 0.000000, 1.000000, 0.000000
cut, -1.2153, 2.5, -1.4831, 0.000000, 0.000000, 1.000000, 0.000000
cut, -1.2195, 2.5, -1.4862, 0.000000, 0.000000, 1.000000, 0.000000
cut, -1.2244, 2.5, -1.4881, 0.000000, 0.000000, 1.000000, 0.000000
cut, -1.2294, 2.5, -1.4886, 0.000000, 0.000000, 1.000000, 0.000000
cut, -1.2342, 2.5, -1.4880, 0.000000, 0.000000, 1.000000, 0.000000
cut, -1.2354, 2.5, -1.4876, 0.000000, 0.000000, 1.000000, 0.000000
cut, -1.5481, 2.5, -1.3819, 0.000000, 0.000000, 1.000000, 0.000000
cut, -1.5526, 2.5, -1.3810, 0.000000, 0.000000, 1.000000, 0.000000
cut, -1.5577, 2.5, -1.3811, 0.000000, 0.000000, 1.000000, 0.000000
cut, -1.5627, 2.5, -1.3826, 0.000000, 0.000000, 1.000000, 0.000000
cut, -1.5671, 2.5, -1.3854, 0.000000, 0.000000, 1.000000, 0.000000
cut, -1.5706, 2.5, -1.3891, 0.000000, 0.000000, 1.000000, 0.000000
cut, -1.5730, 2.5, -1.3933, 0.000000, 0.000000, 1.000000, 0.000000
cut, -1.5734, 2.5, -1.3945, 0.000000, 0.000000, 1.000000, 0.000000
cut, -1.6006, 2.5, -1.4750, 0.000000, 0.000000, 1.000000, 0.000000
cut, -1.6026, 2.5, -1.4792, 0.000000, 0.000000, 1.000000, 0.000000
cut, -1.6058, 2.5, -1.4831, 0.000000, 0.000000, 1.000000, 0.000000
cut, -1.6100, 2.5, -1.4862, 0.000000, 0.000000, 1.000000, 0.000000
cut, -1.6149, 2.5, -1.4881, 0.000000, 0.000000, 1.000000, 0.000000
cut, -1.6200, 2.5, -1.4886, 0.000000, 0.000000, 1.000000, 0.000000
cut, -1.6247, 2.5, -1.4879, 0.000000, 0.000000, 1.000000, 0.000000
cut, -1.6260, 2.5, -1.4876, 0.000000, 0.000000, 1.000000, 0.000000
cut, -1.9575, 2.5, -1.3755, 0.000000, 0.000000, 1.000000, 0.000000
cut, -1.9571, 2.5, -1.5940, 0.000000, 0.000000, 1.000000, 0.000000
cut, 2.0046, 2.5, -1.5858, 0.000000, 0.000000, 1.000000, 0.000000
cut, 2.0046, 2.5, -1.2798, 0.000000, 0.000000, 1.000000, 0.000000
